Gene Table for Profile 32 (0.0,1.0,-1.0,-1.0,-1.0,-1.0)
Num. Genes Expected	Num. Genes Assigned	P-Value	Significant
968.0	1,421.0	1.00	 (not significant)
-------
Selected	Weight	transcript	SPOT	avg_norm_count_0d	avg_norm_count_1d	avg_norm_count_3d	avg_norm_count_5d	avg_norm_count_7d	avg_norm_count_9d
	1.00	LOCUS_10186.0_TRANSCRIPT_1	ID_74	0.00	1.26	0.11	-0.17	-0.31	-0.44
	1.00	LOCUS_10218.0_TRANSCRIPT_1	ID_94	0.00	-1.62	-13.43	-15.86	-15.40	-15.97
	1.00	LOCUS_10237.0_TRANSCRIPT_1	ID_106	0.00	1.29	-4.87	-7.03	-7.20	-7.09
	1.00	LOCUS_10244.0_TRANSCRIPT_1	ID_108	0.00	1.11	-0.94	-1.91	-2.07	-2.31
	1.00	LOCUS_10420.0_TRANSCRIPT_1	ID_192	0.00	-0.60	-2.20	-2.20	-2.01	-2.05
	1.00	LOCUS_10513.0_TRANSCRIPT_1	ID_236	0.00	1.05	-0.47	-0.55	-0.72	-0.12
	1.00	LOCUS_10519.0_TRANSCRIPT_1	ID_237	0.00	0.33	-1.32	-1.37	-1.65	-1.32
	1.00	LOCUS_10599.0_TRANSCRIPT_1	ID_276	0.00	1.90	-0.57	-0.88	-0.82	-0.19
	1.00	LOCUS_10634.0_TRANSCRIPT_1	ID_291	0.00	0.44	-1.86	-3.24	-3.16	-3.25
	1.00	LOCUS_10691.0_TRANSCRIPT_1	ID_316	0.00	0.36	-0.86	-0.80	-0.92	-0.52
	1.00	LOCUS_10733.0_TRANSCRIPT_1	ID_338	0.00	32.55	-53.69	-44.80	-60.78	-57.45
	1.00	LOCUS_10805.0_TRANSCRIPT_1	ID_371	0.00	6.40	-22.87	-23.63	-25.08	-21.80
	1.00	LOCUS_10840.0_TRANSCRIPT_1	ID_386	0.00	0.32	-0.68	-0.81	-0.70	-0.58
	1.00	LOCUS_10929.0_TRANSCRIPT_1	ID_431	0.00	121.42	-104.07	-192.12	-251.14	-231.02
	1.00	LOCUS_11001.0_TRANSCRIPT_1	ID_463	0.00	-0.49	-1.69	-1.78	-1.74	-1.58
	1.00	LOCUS_11031.0_TRANSCRIPT_1	ID_479	0.00	2.02	-0.77	-2.16	-2.73	-2.12
	1.00	LOCUS_11369.0_TRANSCRIPT_1	ID_628	0.00	-0.83	-3.59	-3.56	-3.67	-3.65
	1.00	LOCUS_11424.0_TRANSCRIPT_1	ID_658	0.00	0.11	-0.64	-1.19	-0.97	-0.88
	1.00	LOCUS_11481.0_TRANSCRIPT_1	ID_687	0.00	0.77	-29.21	-20.96	-25.71	-21.05
	1.00	LOCUS_11508.0_TRANSCRIPT_1	ID_697	0.00	13.13	1.83	1.65	-3.90	-0.48
	1.00	LOCUS_11558.0_TRANSCRIPT_1	ID_720	0.00	25.02	-152.19	-151.38	-136.70	-145.64
	1.00	LOCUS_11583.0_TRANSCRIPT_1	ID_729	0.00	-0.41	-11.70	-9.01	-13.18	-10.44
	1.00	LOCUS_11714.0_TRANSCRIPT_1	ID_783	0.00	-0.93	-5.35	-5.32	-5.42	-5.11
	1.00	LOCUS_11824.0_TRANSCRIPT_1	ID_836	0.00	1.86	-1.12	-2.20	-2.11	-1.87
	1.00	LOCUS_11842.0_TRANSCRIPT_1	ID_847	0.00	5.09	-7.77	-7.05	-8.81	-8.00
	1.00	LOCUS_11915.0_TRANSCRIPT_1	ID_876	0.00	-0.20	-5.51	-6.86	-6.72	-5.71
	1.00	LOCUS_11935.0_TRANSCRIPT_1	ID_880	0.00	0.52	-1.49	-1.74	-1.44	-1.25
	1.00	LOCUS_11999.0_TRANSCRIPT_1	ID_910	0.00	1.59	-1.45	-1.43	-1.90	-1.86
	1.00	LOCUS_12010.0_TRANSCRIPT_1	ID_918	0.00	-0.23	-12.82	-13.24	-13.38	-13.95
	1.00	LOCUS_12054.0_TRANSCRIPT_1	ID_941	0.00	-0.52	-2.79	-3.07	-3.07	-2.86
	1.00	LOCUS_12064.0_TRANSCRIPT_1	ID_949	0.00	-0.19	-1.78	-2.06	-1.96	-1.94
	1.00	LOCUS_12295.0_TRANSCRIPT_1	ID_1052	0.00	0.42	-1.74	-1.88	-1.88	-1.88
	1.00	LOCUS_12302.0_TRANSCRIPT_1	ID_1055	0.00	0.11	-2.20	-2.48	-2.60	-2.40
	1.00	LOCUS_12307.0_TRANSCRIPT_1	ID_1058	0.00	0.17	-1.21	-1.51	-1.26	-1.34
	1.00	LOCUS_12311.0_TRANSCRIPT_1	ID_1061	0.00	2.46	-2.82	-4.84	-5.77	-5.82
	1.00	LOCUS_12391.0_TRANSCRIPT_1	ID_1095	0.00	-15.26	-64.35	-63.53	-66.27	-64.86
	1.00	LOCUS_12442.0_TRANSCRIPT_1	ID_1114	0.00	-0.46	-15.57	-19.24	-19.13	-17.83
	1.00	LOCUS_12469.0_TRANSCRIPT_1	ID_1129	0.00	-1.31	-10.03	-10.42	-10.22	-4.80
	1.00	LOCUS_12646.0_TRANSCRIPT_1	ID_1232	0.00	8.69	-15.13	-32.79	-24.03	-33.47
	1.00	LOCUS_12775.0_TRANSCRIPT_1	ID_1314	0.00	2.11	-5.33	-8.32	-8.63	-8.51
	1.00	LOCUS_12793.0_TRANSCRIPT_1	ID_1320	0.00	8.65	-9.80	-13.29	-12.88	-14.27
	1.00	LOCUS_12797.0_TRANSCRIPT_1	ID_1322	0.00	-18.50	-117.15	-125.15	-132.84	-127.14
	1.00	LOCUS_12879.0_TRANSCRIPT_1	ID_1372	0.00	4.80	-5.54	-3.96	-6.95	-4.86
	1.00	LOCUS_12978.0_TRANSCRIPT_1	ID_1428	0.00	7.66	-7.83	-12.20	-15.74	-15.36
	1.00	LOCUS_13037.0_TRANSCRIPT_1	ID_1462	0.00	87.87	28.73	-54.52	-59.11	-62.37
	1.00	LOCUS_13179.0_TRANSCRIPT_1	ID_1548	0.00	1.50	-45.02	-76.56	-53.50	-40.17
	1.00	LOCUS_13217.0_TRANSCRIPT_1	ID_1566	0.00	-6.40	-17.07	-14.75	-14.59	-12.98
	1.00	LOCUS_13228.0_TRANSCRIPT_1	ID_1571	0.00	-0.19	-1.02	-1.13	-0.91	-1.02
	1.00	LOCUS_13295.0_TRANSCRIPT_1	ID_1583	0.00	0.77	-0.75	-0.53	-0.12	-0.47
	1.00	LOCUS_13747.0_TRANSCRIPT_1	ID_1672	0.00	0.37	-0.25	-0.34	-0.67	-0.67
	1.00	LOCUS_13807.0_TRANSCRIPT_1	ID_1686	0.00	2.38	-0.42	-0.33	-1.25	-0.79
	1.00	LOCUS_13940.0_TRANSCRIPT_1	ID_1724	0.00	0.73	-0.57	-1.21	-1.20	-1.07
	1.00	LOCUS_14642.0_TRANSCRIPT_1	ID_1913	0.00	-0.38	-1.49	-1.30	-1.15	-0.86
	1.00	LOCUS_14687.0_TRANSCRIPT_1	ID_1929	0.00	1.09	-3.01	-2.96	-3.22	-2.85
	1.00	LOCUS_15661.0_TRANSCRIPT_1	ID_2167	0.00	0.84	-0.44	-0.12	-0.01	-0.64
	1.00	LOCUS_15996.0_TRANSCRIPT_1	ID_2255	0.00	0.70	-2.44	-2.89	-2.72	-2.54
	1.00	LOCUS_17309.0_TRANSCRIPT_1	ID_2552	0.00	-0.11	-4.79	-5.17	-5.00	-4.91
	1.00	LOCUS_17477.0_TRANSCRIPT_1	ID_2590	0.00	0.02	-1.77	-2.14	-2.23	-2.01
	1.00	LOCUS_17535.0_TRANSCRIPT_1	ID_2598	0.00	0.63	-0.43	-0.60	-0.66	-0.26
	1.00	LOCUS_17558.0_TRANSCRIPT_1	ID_2603	0.00	15.85	-1.79	-13.44	-17.89	-14.31
	1.00	LOCUS_17822.0_TRANSCRIPT_1	ID_2676	0.00	0.29	-0.97	-1.17	-1.04	-1.04
	1.00	LOCUS_17830.0_TRANSCRIPT_1	ID_2678	0.00	2.34	-4.69	-6.22	-6.33	-6.37
	1.00	LOCUS_18047.0_TRANSCRIPT_1	ID_2731	0.00	-0.34	-1.67	-1.68	-1.58	-1.74
	1.00	LOCUS_18206.0_TRANSCRIPT_1	ID_2773	0.00	6.13	-3.89	-5.39	-5.40	-4.74
	1.00	LOCUS_18286.0_TRANSCRIPT_1	ID_2800	0.00	0.82	0.16	-0.22	-0.65	-0.29
	1.00	LOCUS_18352.0_TRANSCRIPT_1	ID_2821	0.00	-0.82	-6.31	-6.19	-6.29	-6.41
	1.00	LOCUS_18413.0_TRANSCRIPT_1	ID_2839	0.00	0.16	-1.65	-1.49	-1.07	-0.65
	1.00	LOCUS_18689.0_TRANSCRIPT_1	ID_2920	0.00	1.85	-1.74	-1.89	-1.40	-1.30
	1.00	LOCUS_18721.0_TRANSCRIPT_1	ID_2931	0.00	-0.67	-3.32	-3.42	-3.52	-3.51
	1.00	LOCUS_18733.0_TRANSCRIPT_1	ID_2937	0.00	-0.40	-1.81	-1.82	-1.87	-1.87
	1.00	LOCUS_18750.0_TRANSCRIPT_1	ID_2943	0.00	0.20	-2.43	-2.59	-2.67	-2.80
	1.00	LOCUS_18809.0_TRANSCRIPT_1	ID_2963	0.00	0.88	-2.06	-2.17	-2.53	-1.74
	1.00	LOCUS_19087.0_TRANSCRIPT_1	ID_3042	0.00	-0.21	-1.90	-1.89	-1.96	-1.76
	1.00	LOCUS_19212.0_TRANSCRIPT_1	ID_3074	0.00	-0.59	-5.23	-5.54	-5.47	-5.40
	1.00	LOCUS_19557.0_TRANSCRIPT_1	ID_3157	0.00	0.25	-1.70	-2.15	-2.55	-2.05
	1.00	LOCUS_19592.0_TRANSCRIPT_1	ID_3173	0.00	2.30	-2.73	-3.02	-3.59	-2.97
	1.00	LOCUS_19896.0_TRANSCRIPT_1	ID_3257	0.00	0.89	-0.04	-0.52	-0.61	-0.61
	1.00	LOCUS_20054.0_TRANSCRIPT_1	ID_3306	0.00	1.71	-3.18	-2.88	-4.16	-3.11
	1.00	LOCUS_20248.0_TRANSCRIPT_1	ID_3366	0.00	-1.40	-10.08	-9.91	-12.61	-10.34
	1.00	LOCUS_20355.0_TRANSCRIPT_1	ID_3389	0.00	0.61	-0.79	-0.63	-0.14	0.17
	1.00	LOCUS_20936.0_TRANSCRIPT_1	ID_3535	0.00	9.40	-0.86	-0.65	-3.33	-1.89
	1.00	LOCUS_21210.0_TRANSCRIPT_1	ID_3627	0.00	57.09	-75.46	-74.64	-65.50	-57.26
	1.00	LOCUS_21278.0_TRANSCRIPT_1	ID_3652	0.00	2.83	0.12	0.01	-0.06	-0.06
	1.00	LOCUS_21299.0_TRANSCRIPT_1	ID_3658	0.00	0.28	-0.36	-0.49	-0.82	-0.48
	1.00	LOCUS_21324.0_TRANSCRIPT_1	ID_3667	0.00	-109.14	-1,001.24	-1,054.58	-1,117.49	-1,090.87
	1.00	LOCUS_21380.0_TRANSCRIPT_1	ID_3689	0.00	-0.68	-2.29	-2.35	-2.43	-2.14
	1.00	LOCUS_21493.0_TRANSCRIPT_1	ID_3722	0.00	10.12	-0.92	-0.14	-1.45	0.57
	1.00	LOCUS_21685.0_TRANSCRIPT_1	ID_3804	0.00	4.26	-2.24	-1.25	-3.42	-1.42
	1.00	LOCUS_21686.0_TRANSCRIPT_1	ID_3805	0.00	19.62	-6.53	-24.11	-34.96	-29.52
	1.00	LOCUS_21765.0_TRANSCRIPT_1	ID_3837	0.00	-0.21	-7.82	-6.64	-7.31	-6.41
	1.00	LOCUS_22253.0_TRANSCRIPT_1	ID_4049	0.00	-26.35	-93.13	-93.35	-82.86	-88.52
	1.00	LOCUS_22514.0_TRANSCRIPT_1	ID_4139	0.00	-1.17	-3.90	-4.02	-3.92	-3.67
	1.00	LOCUS_22525.0_TRANSCRIPT_1	ID_4146	0.00	26.70	3.49	2.46	1.29	1.15
	1.00	LOCUS_22555.0_TRANSCRIPT_3	ID_4161	0.00	3.36	-3.36	-3.91	-4.15	-3.94
	1.00	LOCUS_22564.0_TRANSCRIPT_1	ID_4164	0.00	-6.06	-29.49	-28.62	-31.15	-29.93
	1.00	LOCUS_22586.0_TRANSCRIPT_1	ID_4176	0.00	0.38	-0.67	-1.24	-0.59	-0.67
	1.00	LOCUS_22826.0_TRANSCRIPT_1	ID_4271	0.00	0.57	0.00	-0.37	-0.33	-0.43
	1.00	LOCUS_22891.0_TRANSCRIPT_1	ID_4293	0.00	2.14	-0.56	-1.14	-0.65	-0.87
	1.00	LOCUS_22958.0_TRANSCRIPT_1	ID_4317	0.00	-3.70	-16.96	-14.62	-17.84	-14.49
	1.00	LOCUS_23011.0_TRANSCRIPT_1	ID_4342	0.00	0.01	-1.59	-1.71	-1.64	-1.54
	1.00	LOCUS_23131.0_TRANSCRIPT_1	ID_4396	0.00	-0.64	-3.18	-3.89	-3.96	-3.35
	1.00	LOCUS_23390.0_TRANSCRIPT_1	ID_4492	0.00	-2.90	-32.12	-30.60	-27.35	-28.88
	1.00	LOCUS_23647.0_TRANSCRIPT_1	ID_4585	0.00	-6.84	-23.49	-23.08	-19.12	-23.30
	1.00	LOCUS_23810.0_TRANSCRIPT_1	ID_4647	0.00	-17.93	-112.02	-112.82	-112.67	-113.04
	1.00	LOCUS_23957.0_TRANSCRIPT_1	ID_4700	0.00	8.36	-44.27	-41.70	-43.69	-39.78
	1.00	LOCUS_24007.0_TRANSCRIPT_1	ID_4715	0.00	0.08	-5.22	-5.18	-5.39	-4.57
	1.00	LOCUS_24138.0_TRANSCRIPT_1	ID_4754	0.00	1.94	-0.97	-1.70	-2.89	-2.95
	1.00	LOCUS_24255.0_TRANSCRIPT_1	ID_4796	0.00	1.13	-2.23	-3.36	-3.06	-3.04
	1.00	LOCUS_24262.0_TRANSCRIPT_1	ID_4800	0.00	3.30	-4.22	-4.22	-4.84	-3.41
	1.00	LOCUS_24311.0_TRANSCRIPT_1	ID_4813	0.00	-0.64	-3.55	-3.42	-3.75	-3.50
	1.00	LOCUS_24355.0_TRANSCRIPT_1	ID_4823	0.00	-0.76	-4.35	-5.37	-4.74	-4.87
	1.00	LOCUS_24428.0_TRANSCRIPT_1	ID_4847	0.00	-1.75	-5.28	-5.83	-5.51	-4.59
	1.00	LOCUS_24491.0_TRANSCRIPT_2	ID_4866	0.00	-1.58	-5.38	-5.70	-4.99	-4.61
	1.00	LOCUS_24579.0_TRANSCRIPT_1	ID_4901	0.00	0.26	-0.26	-0.73	-0.79	-0.67
	1.00	LOCUS_24772.0_TRANSCRIPT_1	ID_4959	0.00	-2.37	-14.42	-15.40	-15.58	-14.20
	1.00	LOCUS_24972.0_TRANSCRIPT_1	ID_5030	0.00	-0.94	-18.76	-18.84	-19.85	-19.35
	1.00	LOCUS_25198.0_TRANSCRIPT_1	ID_5100	0.00	1.47	-0.42	-0.81	-0.69	-0.51
	1.00	LOCUS_25204.0_TRANSCRIPT_1	ID_5104	0.00	7.14	-1.21	-6.11	-6.37	-5.60
	1.00	LOCUS_25217.0_TRANSCRIPT_1	ID_5109	0.00	0.06	-4.16	-5.13	-5.16	-5.49
	1.00	LOCUS_25467.0_TRANSCRIPT_1	ID_5207	0.00	1.19	-2.09	-2.01	-2.45	-2.74
	1.00	LOCUS_25535.0_TRANSCRIPT_1	ID_5230	0.00	-0.92	-5.90	-6.17	-6.00	-5.67
	1.00	LOCUS_25610.0_TRANSCRIPT_1	ID_5258	0.00	-1.03	-4.56	-4.65	-4.59	-4.35
	1.00	LOCUS_25780.0_TRANSCRIPT_2	ID_5313	0.00	0.17	-0.88	-1.34	-1.13	-1.23
	1.00	LOCUS_25825.0_TRANSCRIPT_1	ID_5328	0.00	1.28	-5.25	-6.54	-7.46	-6.55
	1.00	LOCUS_25867.0_TRANSCRIPT_1	ID_5340	0.00	4.49	-10.04	-12.14	-16.68	-16.39
	1.00	LOCUS_25890.0_TRANSCRIPT_1	ID_5357	0.00	-1.16	-4.16	-3.76	-3.57	-3.29
	1.00	LOCUS_25992.1_TRANSCRIPT_1	ID_5394	0.00	2.67	-1.64	-0.73	-3.83	-0.29
	1.00	LOCUS_26057.0_TRANSCRIPT_1	ID_5419	0.00	1.10	0.23	-0.64	-0.84	-0.92
	1.00	LOCUS_26068.0_TRANSCRIPT_1	ID_5420	0.00	-2.94	-13.35	-13.54	-13.89	-13.51
	1.00	LOCUS_26118.0_TRANSCRIPT_1	ID_5440	0.00	1.98	-12.83	-14.13	-15.20	-14.47
	1.00	LOCUS_26242.0_TRANSCRIPT_1	ID_5484	0.00	-1.27	-13.53	-13.33	-10.91	-12.40
	1.00	LOCUS_26282.0_TRANSCRIPT_1	ID_5494	0.00	-0.21	-3.55	-3.93	-3.59	-1.44
	1.00	LOCUS_2633.0_TRANSCRIPT_1	ID_5512	0.00	0.01	-0.85	-1.06	-0.95	-1.09
	1.00	LOCUS_26372.0_TRANSCRIPT_1	ID_5534	0.00	0.29	-1.11	-1.24	-1.36	-1.25
	1.00	LOCUS_26397.0_TRANSCRIPT_1	ID_5538	0.00	0.77	-0.24	-0.28	-0.17	-0.28
	1.00	LOCUS_26445.0_TRANSCRIPT_1	ID_5549	0.00	15.11	-1.58	-5.71	-0.82	-5.97
	1.00	LOCUS_26499.0_TRANSCRIPT_1	ID_5575	0.00	2.13	-1.02	-3.47	-3.95	-3.47
	1.00	LOCUS_26525.0_TRANSCRIPT_1	ID_5584	0.00	-0.74	-3.78	-4.18	-4.18	-2.63
	1.00	LOCUS_26532.0_TRANSCRIPT_1	ID_5589	0.00	7.15	-11.25	-12.70	-12.48	-10.40
	1.00	LOCUS_26666.0_TRANSCRIPT_1	ID_5648	0.00	0.61	-0.92	-2.16	-2.17	-2.07
	1.00	LOCUS_26668.0_TRANSCRIPT_1	ID_5651	0.00	0.43	-0.42	-0.74	-0.69	-0.41
	1.00	LOCUS_26779.0_TRANSCRIPT_2	ID_5701	0.00	0.55	-0.68	-0.58	-0.58	-0.64
	1.00	LOCUS_26831.0_TRANSCRIPT_1	ID_5723	0.00	2.83	-4.65	-2.87	-6.80	-4.79
	1.00	LOCUS_26876.0_TRANSCRIPT_1	ID_5745	0.00	6.10	1.78	-0.00	-0.26	-0.24
	1.00	LOCUS_27100.0_TRANSCRIPT_1	ID_5829	0.00	1.22	-0.75	-0.80	-0.39	0.30
	1.00	LOCUS_27141.0_TRANSCRIPT_1	ID_5849	0.00	32.37	4.74	-6.93	-7.09	-6.72
	1.00	LOCUS_27228.0_TRANSCRIPT_1	ID_5901	0.00	-0.56	-6.28	-7.10	-7.02	-7.28
	1.00	LOCUS_2725.0_TRANSCRIPT_1	ID_5914	0.00	-0.30	-1.44	-1.48	-1.48	-1.48
	1.00	LOCUS_27288.0_TRANSCRIPT_1	ID_5931	0.00	-0.11	-2.88	-3.67	-3.33	-3.04
	1.00	LOCUS_27413.0_TRANSCRIPT_1	ID_5995	0.00	-0.38	-6.41	-7.31	-7.80	-7.39
	1.00	LOCUS_27449.0_TRANSCRIPT_1	ID_6017	0.00	9.32	-5.19	-11.72	-14.37	-10.40
	1.00	LOCUS_27464.0_TRANSCRIPT_1	ID_6027	0.00	-1.47	-6.76	-7.00	-6.91	-6.84
	1.00	LOCUS_27468.0_TRANSCRIPT_1	ID_6028	0.00	1.56	-3.28	-4.07	-4.24	-3.78
	1.00	LOCUS_27476.0_TRANSCRIPT_1	ID_6032	0.00	0.54	-1.04	-1.10	-1.10	-0.98
	1.00	LOCUS_27494.0_TRANSCRIPT_1	ID_6045	0.00	-1.28	-5.05	-5.18	-5.08	-4.56
	1.00	LOCUS_27497.0_TRANSCRIPT_1	ID_6047	0.00	0.07	-0.84	-1.10	-0.95	-0.96
	1.00	LOCUS_27516.0_TRANSCRIPT_1	ID_6058	0.00	14.52	-15.83	-16.67	-15.65	-15.88
	1.00	LOCUS_27520.0_TRANSCRIPT_1	ID_6059	0.00	0.67	-1.34	-1.69	-1.64	-0.37
	1.00	LOCUS_27562.0_TRANSCRIPT_1	ID_6080	0.00	4.39	-30.85	-34.58	-34.28	-30.75
	1.00	LOCUS_27577.0_TRANSCRIPT_1	ID_6088	0.00	0.57	-3.49	-5.53	-4.72	-5.21
	1.00	LOCUS_27648.0_TRANSCRIPT_1	ID_6127	0.00	0.30	-0.56	-1.24	-0.95	-1.15
	1.00	LOCUS_27663.0_TRANSCRIPT_1	ID_6134	0.00	3.36	-4.91	-9.38	-10.62	-8.97
	1.00	LOCUS_27664.0_TRANSCRIPT_1	ID_6135	0.00	0.16	-2.21	-1.91	-2.17	-2.13
	1.00	LOCUS_27675.0_TRANSCRIPT_1	ID_6141	0.00	12.88	-9.95	-20.11	-30.49	-28.37
	1.00	LOCUS_27887.0_TRANSCRIPT_1	ID_6241	0.00	-0.12	-5.71	-6.15	-6.29	-4.80
	1.00	LOCUS_27929.0_TRANSCRIPT_1	ID_6260	0.00	0.50	-1.07	-1.07	-1.07	-0.91
	1.00	LOCUS_27985.0_TRANSCRIPT_1	ID_6283	0.00	-1.18	-3.99	-4.34	-4.44	-3.39
	1.00	LOCUS_28161.0_TRANSCRIPT_1	ID_6358	0.00	0.74	-0.09	-1.01	-0.85	-1.02
	1.00	LOCUS_28302.0_TRANSCRIPT_1	ID_6431	0.00	8.22	-9.98	-19.69	-20.12	-18.76
	1.00	LOCUS_28471.0_TRANSCRIPT_1	ID_6499	0.00	3.85	-3.25	-4.40	-4.32	-4.86
	1.00	LOCUS_28492.0_TRANSCRIPT_1	ID_6512	0.00	-1.56	-12.59	-11.45	-12.86	-8.30
	1.00	LOCUS_28528.0_TRANSCRIPT_1	ID_6527	0.00	0.20	-2.63	-2.27	-2.34	-0.62
	1.00	LOCUS_28710.0_TRANSCRIPT_1	ID_6609	0.00	1.91	-1.41	-2.03	-1.76	-2.00
	1.00	LOCUS_28711.0_TRANSCRIPT_1	ID_6611	0.00	-0.03	-0.92	-1.12	-1.06	-1.09
	1.00	LOCUS_28785.0_TRANSCRIPT_1	ID_6640	0.00	10.81	-8.54	-16.32	-19.00	-17.45
	1.00	LOCUS_28785.1_TRANSCRIPT_1	ID_6641	0.00	6.96	-3.37	-8.99	-9.05	-8.59
	1.00	LOCUS_28818.0_TRANSCRIPT_1	ID_6657	0.00	1.36	-6.84	-7.21	-12.59	-8.98
	1.00	LOCUS_28825.0_TRANSCRIPT_1	ID_6660	0.00	0.02	-2.54	-2.54	-2.05	-2.07
	1.00	LOCUS_28825.1_TRANSCRIPT_1	ID_6661	0.00	0.17	-1.46	-1.37	-1.59	-1.21
	1.00	LOCUS_28870.0_TRANSCRIPT_1	ID_6687	0.00	2.23	-2.38	-2.99	-2.52	-3.13
	1.00	LOCUS_28873.0_TRANSCRIPT_1	ID_6688	0.00	16.62	-15.99	-18.45	-16.51	-15.93
	1.00	LOCUS_29103.0_TRANSCRIPT_2	ID_6779	0.00	0.90	0.20	-0.11	-0.14	-0.10
	1.00	LOCUS_29107.0_TRANSCRIPT_1	ID_6781	0.00	5.47	-11.80	-18.80	-18.32	-19.02
	1.00	LOCUS_29120.0_TRANSCRIPT_3	ID_6790	0.00	0.57	-0.72	-1.71	-1.65	-1.73
	1.00	LOCUS_29140.0_TRANSCRIPT_1	ID_6803	0.00	0.51	-2.90	-2.49	-2.05	-2.64
	1.00	LOCUS_29160.0_TRANSCRIPT_1	ID_6816	0.00	1.05	-2.28	-3.33	-3.60	-3.26
	1.00	LOCUS_29190.0_TRANSCRIPT_1	ID_6832	0.00	-4.08	-13.68	-13.54	-14.55	-11.00
	1.00	LOCUS_29237.0_TRANSCRIPT_1	ID_6852	0.00	-1.05	-10.16	-10.30	-8.79	-9.89
	1.00	LOCUS_29256.0_TRANSCRIPT_1	ID_6860	0.00	-0.92	-3.47	-3.51	-3.27	-3.46
	1.00	LOCUS_2932.0_TRANSCRIPT_1	ID_6890	0.00	-0.11	-0.90	-1.04	-0.92	-0.88
	1.00	LOCUS_29568.0_TRANSCRIPT_1	ID_7001	0.00	6.81	-8.33	-10.48	-16.21	-17.32
	1.00	LOCUS_29615.0_TRANSCRIPT_1	ID_7021	0.00	-4.88	-36.99	-39.19	-36.27	-33.12
	1.00	LOCUS_29659.0_TRANSCRIPT_2	ID_7042	0.00	0.56	-1.52	-1.69	-1.96	-1.36
	1.00	LOCUS_29770.0_TRANSCRIPT_1	ID_7098	0.00	-1.64	-15.53	-17.01	-16.84	-17.71
	1.00	LOCUS_29900.0_TRANSCRIPT_1	ID_7153	0.00	0.36	-2.67	-2.90	-2.57	-2.71
	1.00	LOCUS_29910.0_TRANSCRIPT_1	ID_7159	0.00	1.39	-0.02	-0.03	-0.08	-0.03
	1.00	LOCUS_29940.0_TRANSCRIPT_1	ID_7173	0.00	-4.46	-17.01	-17.50	-16.24	-17.14
	1.00	LOCUS_29967.0_TRANSCRIPT_1	ID_7186	0.00	0.53	-21.41	-22.13	-23.04	-22.09
	1.00	LOCUS_29999.0_TRANSCRIPT_1	ID_7202	0.00	-2.75	-27.53	-26.33	-27.89	-25.70
	1.00	LOCUS_30000.0_TRANSCRIPT_1	ID_7203	0.00	3.38	-4.34	-5.12	-4.84	-4.54
	1.00	LOCUS_3007.0_TRANSCRIPT_1	ID_7238	0.00	1.29	-0.48	-1.31	-0.97	-0.98
	1.00	LOCUS_30202.0_TRANSCRIPT_1	ID_7305	0.00	-0.42	-1.29	-1.41	-1.29	-1.13
	1.00	LOCUS_30231.0_TRANSCRIPT_1	ID_7317	0.00	-1.38	-8.34	-7.89	-9.09	-7.98
	1.00	LOCUS_30374.0_TRANSCRIPT_1	ID_7398	0.00	21.44	-41.37	-44.49	-51.14	-49.60
	1.00	LOCUS_30461.0_TRANSCRIPT_1	ID_7455	0.00	2.98	-2.69	-5.16	-4.92	-5.19
	1.00	LOCUS_30556.0_TRANSCRIPT_1	ID_7507	0.00	4.76	-5.11	-7.08	-7.17	-6.81
	1.00	LOCUS_30604.0_TRANSCRIPT_1	ID_7540	0.00	0.10	-1.09	-1.22	-1.05	-1.09
	1.00	LOCUS_30625.0_TRANSCRIPT_1	ID_7551	0.00	1.99	-2.25	-0.58	-1.25	-1.44
	1.00	LOCUS_30632.0_TRANSCRIPT_2	ID_7557	0.00	5.93	-3.16	-6.23	-5.29	-5.65
	1.00	LOCUS_30638.0_TRANSCRIPT_1	ID_7560	0.00	0.23	-2.17	-2.22	-2.27	-2.00
	1.00	LOCUS_30715.0_TRANSCRIPT_1	ID_7600	0.00	0.47	-0.10	-0.46	-0.37	-0.61
	1.00	LOCUS_30721.0_TRANSCRIPT_1	ID_7606	0.00	20.60	0.50	-12.34	-12.16	-12.83
	1.00	LOCUS_30735.0_TRANSCRIPT_1	ID_7615	0.00	-0.63	-4.33	-4.67	-4.55	-4.56
	1.00	LOCUS_30795.0_TRANSCRIPT_1	ID_7644	0.00	4.45	-1.81	-3.67	-2.57	-3.14
	1.00	LOCUS_30875.1_TRANSCRIPT_2	ID_7694	0.00	0.47	-5.72	-7.01	-6.62	-6.54
	1.00	LOCUS_30887.0_TRANSCRIPT_1	ID_7704	0.00	3.38	-0.06	-0.27	-0.28	-0.40
	1.00	LOCUS_31045.0_TRANSCRIPT_1	ID_7782	0.00	1.48	-1.51	-3.06	-2.76	-2.24
	1.00	LOCUS_31085.0_TRANSCRIPT_1	ID_7807	0.00	9.80	-54.28	-60.32	-68.48	-60.41
	1.00	LOCUS_31112.0_TRANSCRIPT_1	ID_7825	0.00	0.83	-13.36	-14.90	-18.13	-14.42
	1.00	LOCUS_31126.0_TRANSCRIPT_2	ID_7837	0.00	1.83	-5.33	-5.52	-4.48	-4.86
	1.00	LOCUS_31131.0_TRANSCRIPT_1	ID_7840	0.00	11.36	-3.26	-2.61	-6.51	-4.46
	1.00	LOCUS_31133.0_TRANSCRIPT_1	ID_7843	0.00	2.19	-6.48	-7.36	-7.91	-6.75
	1.00	LOCUS_31215.0_TRANSCRIPT_1	ID_7898	0.00	0.97	-2.89	-3.20	-3.14	-2.82
	1.00	LOCUS_31227.0_TRANSCRIPT_2	ID_7908	0.00	0.06	-1.31	-1.10	-0.90	-0.95
	1.00	LOCUS_31227.1_TRANSCRIPT_1	ID_7909	0.00	5.98	-11.77	-16.52	-17.49	-14.46
	1.00	LOCUS_31241.0_TRANSCRIPT_1	ID_7920	0.00	59.31	13.37	1.24	-14.71	-14.01
	1.00	LOCUS_31296.0_TRANSCRIPT_1	ID_7950	0.00	0.25	-3.18	-3.30	-3.61	-2.66
	1.00	LOCUS_31370.0_TRANSCRIPT_1	ID_7992	0.00	0.72	-13.02	-14.53	-15.95	-14.81
	1.00	LOCUS_31550.1_TRANSCRIPT_1	ID_8104	0.00	3.68	-6.04	-6.13	-8.62	-7.04
	1.00	LOCUS_31564.0_TRANSCRIPT_1	ID_8115	0.00	1.42	-4.08	-6.15	-6.40	-5.94
	1.00	LOCUS_3163.0_TRANSCRIPT_1	ID_8167	0.00	1.08	-0.86	-1.01	-1.01	-0.85
	1.00	LOCUS_31651.0_TRANSCRIPT_1	ID_8179	0.00	23.70	-14.93	-40.78	-34.39	-45.70
	1.00	LOCUS_31755.0_TRANSCRIPT_1	ID_8240	0.00	2.39	0.01	0.03	0.06	0.02
	1.00	LOCUS_31869.0_TRANSCRIPT_1	ID_8299	0.00	-1.28	-10.82	-10.85	-11.26	-10.56
	1.00	LOCUS_31889.0_TRANSCRIPT_1	ID_8310	0.00	2.72	-4.77	-5.48	-6.09	-5.54
	1.00	LOCUS_31902.0_TRANSCRIPT_1	ID_8319	0.00	0.86	-3.21	-3.53	-3.20	-2.81
	1.00	LOCUS_32091.0_TRANSCRIPT_1	ID_8434	0.00	-0.57	-6.54	-6.31	-6.73	-6.11
	1.00	LOCUS_32098.0_TRANSCRIPT_1	ID_8440	0.00	-1.07	-4.60	-4.99	-4.79	-4.52
	1.00	LOCUS_32108.0_TRANSCRIPT_1	ID_8446	0.00	-0.28	-1.72	-1.64	-1.28	-1.57
	1.00	LOCUS_32209.1_TRANSCRIPT_1	ID_8486	0.00	2.00	-11.87	-13.05	-14.05	-13.47
	1.00	LOCUS_32256.0_TRANSCRIPT_1	ID_8507	0.00	-3.17	-16.79	-17.82	-15.52	-14.56
	1.00	LOCUS_32563.0_TRANSCRIPT_1	ID_8651	0.00	-0.70	-2.71	-2.67	-2.73	-2.50
	1.00	LOCUS_32602.0_TRANSCRIPT_1	ID_8672	0.00	0.05	-6.87	-7.29	-7.31	-4.11
	1.00	LOCUS_32602.0_TRANSCRIPT_2	ID_8673	0.00	-0.51	-3.53	-3.66	-3.66	-3.63
	1.00	LOCUS_32642.1_TRANSCRIPT_1	ID_8698	0.00	-1.17	-48.15	-48.67	-46.70	-47.40
	1.00	LOCUS_32659.0_TRANSCRIPT_1	ID_8710	0.00	1.49	-1.17	-2.99	-2.06	-2.71
	1.00	LOCUS_32750.0_TRANSCRIPT_1	ID_8764	0.00	11.84	-12.81	-23.49	-24.80	-24.79
	1.00	LOCUS_32763.0_TRANSCRIPT_1	ID_8771	0.00	-0.20	-1.03	-1.01	-1.06	-0.98
	1.00	LOCUS_32822.0_TRANSCRIPT_1	ID_8812	0.00	0.59	-1.23	-1.58	-2.12	-2.09
	1.00	LOCUS_32905.0_TRANSCRIPT_1	ID_8866	0.00	5.30	-12.49	-24.01	-23.93	-24.37
	1.00	LOCUS_3294.0_TRANSCRIPT_1	ID_8888	0.00	0.55	-0.62	-0.59	-0.62	-0.62
	1.00	LOCUS_32974.0_TRANSCRIPT_2	ID_8911	0.00	2.90	-6.75	-9.91	-9.50	-9.46
	1.00	LOCUS_33023.0_TRANSCRIPT_1	ID_8935	0.00	0.23	-1.24	-1.84	-0.88	-1.17
	1.00	LOCUS_33035.0_TRANSCRIPT_3	ID_8945	0.00	0.78	-1.28	-2.21	-2.05	-1.54
	1.00	LOCUS_33046.0_TRANSCRIPT_5	ID_8953	0.00	0.04	-1.21	-1.33	-1.33	-1.24
	1.00	LOCUS_33083.0_TRANSCRIPT_1	ID_8974	0.00	-0.30	-1.26	-1.37	-0.96	-0.91
	1.00	LOCUS_33095.0_TRANSCRIPT_1	ID_8982	0.00	0.07	-43.86	-43.03	-46.30	-42.12
	1.00	LOCUS_33105.0_TRANSCRIPT_1	ID_8989	0.00	-0.78	-3.99	-4.37	-3.87	-3.41
	1.00	LOCUS_33126.0_TRANSCRIPT_1	ID_8997	0.00	-1.70	-8.09	-8.72	-7.71	-7.33
	1.00	LOCUS_33131.0_TRANSCRIPT_1	ID_9003	0.00	7.66	-18.63	-18.44	-18.23	-16.93
	1.00	LOCUS_33147.0_TRANSCRIPT_1	ID_9015	0.00	18.24	-22.83	-28.29	-33.88	-32.43
	1.00	LOCUS_33299.0_TRANSCRIPT_2	ID_9127	0.00	-0.23	-3.30	-3.76	-3.87	-4.01
	1.00	LOCUS_33341.0_TRANSCRIPT_1	ID_9156	0.00	3.73	-24.20	-28.84	-30.89	-30.15
	1.00	LOCUS_33373.0_TRANSCRIPT_4	ID_9175	0.00	5.45	0.66	0.40	0.06	0.05
	1.00	LOCUS_33491.0_TRANSCRIPT_2	ID_9255	0.00	1.14	-0.62	-0.56	-0.75	-0.65
	1.00	LOCUS_33569.0_TRANSCRIPT_1	ID_9303	0.00	1.08	-13.32	-13.07	-14.70	-11.54
	1.00	LOCUS_33637.0_TRANSCRIPT_1	ID_9345	0.00	1.95	-3.63	-5.88	-7.16	-5.25
	1.00	LOCUS_33732.0_TRANSCRIPT_1	ID_9414	0.00	-0.00	-2.94	-2.90	-1.82	-2.68
	1.00	LOCUS_33789.0_TRANSCRIPT_1	ID_9442	0.00	0.10	-1.09	-1.42	-1.64	-1.40
	1.00	LOCUS_33839.0_TRANSCRIPT_1	ID_9476	0.00	0.33	-3.39	-3.21	-3.54	-2.42
	1.00	LOCUS_33843.0_TRANSCRIPT_1	ID_9479	0.00	1.22	-2.11	-3.30	-3.91	-3.81
	1.00	LOCUS_34169.0_TRANSCRIPT_2	ID_9693	0.00	45.62	-61.16	-74.11	-82.65	-75.01
	1.00	LOCUS_34195.0_TRANSCRIPT_1	ID_9712	0.00	7.19	-0.66	-2.57	-2.19	-1.12
	1.00	LOCUS_34213.0_TRANSCRIPT_1	ID_9720	0.00	1.90	-0.38	-0.78	-0.97	-0.31
	1.00	LOCUS_34263.0_TRANSCRIPT_1	ID_9750	0.00	0.63	-1.85	-1.40	-1.82	-1.22
	1.00	LOCUS_34270.0_TRANSCRIPT_1	ID_9754	0.00	16.21	-21.08	-38.20	-35.49	-39.17
	1.00	LOCUS_34313.0_TRANSCRIPT_2	ID_9782	0.00	-0.73	-3.12	-3.56	-3.50	-3.11
	1.00	LOCUS_34335.0_TRANSCRIPT_1	ID_9799	0.00	13.56	-15.21	-13.52	-15.88	-15.81
	1.00	LOCUS_34360.0_TRANSCRIPT_1	ID_9817	0.00	37.29	-30.16	-31.50	-28.71	-34.68
	1.00	LOCUS_34360.1_TRANSCRIPT_1	ID_9818	0.00	6.02	-10.92	-7.30	-12.60	-11.37
	1.00	LOCUS_34362.1_TRANSCRIPT_1	ID_9821	0.00	-0.49	-9.15	-10.44	-10.12	-11.16
	1.00	LOCUS_34496.0_TRANSCRIPT_1	ID_9912	0.00	1.68	-21.90	-31.18	-27.52	-28.46
	1.00	LOCUS_34634.1_TRANSCRIPT_1	ID_10015	0.00	1.05	-5.81	-6.17	-6.69	-6.52
	1.00	LOCUS_34634.2_TRANSCRIPT_1	ID_10016	0.00	1.35	-26.73	-33.33	-37.67	-35.88
	1.00	LOCUS_34642.0_TRANSCRIPT_1	ID_10023	0.00	2.37	-0.07	-0.39	-0.89	-0.62
	1.00	LOCUS_34664.0_TRANSCRIPT_1	ID_10037	0.00	0.45	-1.18	-1.55	-1.49	-1.49
	1.00	LOCUS_34671.0_TRANSCRIPT_1	ID_10041	0.00	1.79	-1.37	-1.74	-1.38	-1.66
	1.00	LOCUS_34681.0_TRANSCRIPT_1	ID_10048	0.00	3.05	0.46	-1.17	-1.06	-0.66
	1.00	LOCUS_34723.0_TRANSCRIPT_1	ID_10076	0.00	25.37	-8.51	-8.01	-8.53	4.04
	1.00	LOCUS_34910.0_TRANSCRIPT_1	ID_10194	0.00	0.40	-8.84	-12.21	-13.01	-12.64
	1.00	LOCUS_34933.1_TRANSCRIPT_1	ID_10208	0.00	10.91	-11.54	-14.78	-15.81	-13.53
	1.00	LOCUS_34993.0_TRANSCRIPT_1	ID_10255	0.00	4.37	-14.68	-17.85	-17.29	-16.65
	1.00	LOCUS_35013.0_TRANSCRIPT_1	ID_10268	0.00	0.18	-5.55	-6.18	-5.96	-6.07
	1.00	LOCUS_35020.0_TRANSCRIPT_1	ID_10273	0.00	1.95	-25.64	-26.52	-26.24	-24.50
	1.00	LOCUS_35033.0_TRANSCRIPT_3	ID_10282	0.00	1.16	-1.09	-3.15	-2.82	-2.75
	1.00	LOCUS_35043.0_TRANSCRIPT_2	ID_10290	0.00	1.27	-1.92	-2.50	-2.70	-2.07
	1.00	LOCUS_35062.0_TRANSCRIPT_1	ID_10304	0.00	0.95	-59.19	-56.00	-57.04	-56.93
	1.00	LOCUS_35102.0_TRANSCRIPT_1	ID_10334	0.00	18.87	-69.24	-78.91	-86.07	-84.80
	1.00	LOCUS_35164.0_TRANSCRIPT_1	ID_10372	0.00	0.36	-0.41	-0.76	-0.80	-0.52
	1.00	LOCUS_35239.0_TRANSCRIPT_2	ID_10421	0.00	-1.14	-5.55	-6.06	-6.21	-5.83
	1.00	LOCUS_35251.0_TRANSCRIPT_1	ID_10428	0.00	3.40	-1.13	-2.87	-3.13	-2.80
	1.00	LOCUS_35276.0_TRANSCRIPT_1	ID_10446	0.00	1.86	-1.08	-1.76	-2.54	-1.63
	1.00	LOCUS_35324.0_TRANSCRIPT_1	ID_10477	0.00	5.34	-53.99	-57.59	-58.17	-58.88
	1.00	LOCUS_35369.0_TRANSCRIPT_1	ID_10510	0.00	3.09	-3.86	-4.66	-5.79	-1.51
	1.00	LOCUS_35384.1_TRANSCRIPT_2	ID_10525	0.00	6.67	-0.25	-0.59	-1.12	-1.42
	1.00	LOCUS_35452.0_TRANSCRIPT_1	ID_10575	0.00	-0.42	-4.97	-5.22	-5.25	-4.54
	1.00	LOCUS_35527.0_TRANSCRIPT_1	ID_10632	0.00	0.26	-2.00	-1.06	-1.45	-0.24
	1.00	LOCUS_35588.0_TRANSCRIPT_1	ID_10675	0.00	-0.10	-6.70	-8.04	-7.89	-7.62
	1.00	LOCUS_35590.0_TRANSCRIPT_4	ID_10677	0.00	14.34	0.00	-4.44	-6.45	-4.90
	1.00	LOCUS_35600.0_TRANSCRIPT_1	ID_10686	0.00	78.65	-22.58	-29.95	-33.07	-29.97
	1.00	LOCUS_35600.1_TRANSCRIPT_1	ID_10687	0.00	20.50	-10.49	-14.76	-17.76	-16.50
	1.00	LOCUS_35612.0_TRANSCRIPT_1	ID_10697	0.00	-6.56	-50.54	-50.37	-52.43	-48.13
	1.00	LOCUS_35618.0_TRANSCRIPT_1	ID_10706	0.00	69.40	-115.94	-125.94	-132.89	-139.08
	1.00	LOCUS_35650.0_TRANSCRIPT_1	ID_10733	0.00	1.59	-4.49	-4.99	-5.09	-4.68
	1.00	LOCUS_35696.0_TRANSCRIPT_1	ID_10778	0.00	-2.53	-28.80	-31.68	-32.45	-32.52
	1.00	LOCUS_35708.0_TRANSCRIPT_1	ID_10787	0.00	-2.07	-15.94	-16.00	-16.23	-15.48
	1.00	LOCUS_35723.0_TRANSCRIPT_1	ID_10797	0.00	16.29	-22.93	-21.32	-23.95	-21.53
	1.00	LOCUS_35723.0_TRANSCRIPT_2	ID_10798	0.00	4.74	-11.43	-11.78	-11.88	-10.05
	1.00	LOCUS_35748.0_TRANSCRIPT_1	ID_10819	0.00	1.97	-19.58	-28.05	-29.93	-28.63
	1.00	LOCUS_35811.0_TRANSCRIPT_1	ID_10869	0.00	-0.40	-2.92	-3.13	-2.85	-2.84
	1.00	LOCUS_35926.0_TRANSCRIPT_3	ID_10969	0.00	1.65	-3.78	-3.52	-3.61	-2.24
	1.00	LOCUS_35995.0_TRANSCRIPT_1	ID_11028	0.00	4.70	-1.26	-3.34	-3.68	-3.11
	1.00	LOCUS_36058.0_TRANSCRIPT_1	ID_11082	0.00	35.73	-60.06	-61.46	-64.43	-48.74
	1.00	LOCUS_36085.0_TRANSCRIPT_1	ID_11104	0.00	-0.98	-32.70	-32.56	-33.04	-28.80
	1.00	LOCUS_36116.0_TRANSCRIPT_2	ID_11135	0.00	-1.69	-7.64	-7.50	-7.34	-7.18
	1.00	LOCUS_36116.1_TRANSCRIPT_1	ID_11136	0.00	-33.18	-109.41	-104.70	-94.41	-103.25
	1.00	LOCUS_36349.0_TRANSCRIPT_1	ID_11323	0.00	0.21	-0.63	-0.78	-0.96	-0.37
	1.00	LOCUS_36496.0_TRANSCRIPT_1	ID_11434	0.00	38.34	-9.06	-19.13	-17.16	-11.30
	1.00	LOCUS_36565.0_TRANSCRIPT_1	ID_11486	0.00	-1.25	-4.11	-4.18	-4.54	-3.71
	1.00	LOCUS_36577.0_TRANSCRIPT_1	ID_11495	0.00	1.46	-0.37	-2.78	-2.82	-2.68
	1.00	LOCUS_36654.1_TRANSCRIPT_1	ID_11553	0.00	4.60	-5.52	-2.45	-6.30	-1.63
	1.00	LOCUS_36659.0_TRANSCRIPT_1	ID_11557	0.00	24.51	-68.46	-97.19	-96.34	-90.25
	1.00	LOCUS_36701.0_TRANSCRIPT_1	ID_11588	0.00	5.54	-1.82	-2.45	-2.30	-1.73
	1.00	LOCUS_36714.0_TRANSCRIPT_1	ID_11598	0.00	3.50	-0.03	-2.88	-3.28	-3.08
	1.00	LOCUS_36754.1_TRANSCRIPT_1	ID_11631	0.00	0.18	-1.26	-1.39	-0.97	-1.08
	1.00	LOCUS_36757.1_TRANSCRIPT_2	ID_11634	0.00	4.04	-1.00	-2.78	-4.02	-2.78
	1.00	LOCUS_36759.0_TRANSCRIPT_1	ID_11635	0.00	-3.07	-37.30	-40.50	-41.03	-40.99
	1.00	LOCUS_36824.0_TRANSCRIPT_1	ID_11690	0.00	6.45	-5.83	-11.55	-12.27	-12.00
	1.00	LOCUS_36836.0_TRANSCRIPT_1	ID_11698	0.00	1.68	-11.57	-12.38	-12.77	-12.61
	1.00	LOCUS_36868.0_TRANSCRIPT_1	ID_11720	0.00	0.11	-1.07	-1.30	-1.30	-1.40
	1.00	LOCUS_36869.0_TRANSCRIPT_1	ID_11722	0.00	0.93	-5.34	-6.75	-7.39	-6.01
	1.00	LOCUS_36958.0_TRANSCRIPT_1	ID_11786	0.00	45.90	-10.83	-5.74	-17.89	-12.52
	1.00	LOCUS_37039.0_TRANSCRIPT_1	ID_11848	0.00	31.45	-16.31	-13.09	-20.55	-11.27
	1.00	LOCUS_37054.0_TRANSCRIPT_1	ID_11860	0.00	0.21	-1.15	-1.20	-1.18	-0.57
	1.00	LOCUS_37125.0_TRANSCRIPT_1	ID_11920	0.00	6.93	-49.44	-55.25	-57.03	-56.20
	1.00	LOCUS_37129.0_TRANSCRIPT_1	ID_11921	0.00	-6.14	-89.32	-99.79	-99.60	-85.07
	1.00	LOCUS_37179.0_TRANSCRIPT_2	ID_11957	0.00	0.58	-4.86	-6.44	-6.75	-5.74
	1.00	LOCUS_37181.1_TRANSCRIPT_1	ID_11960	0.00	1.20	-3.78	-3.69	-4.41	-4.02
	1.00	LOCUS_37193.0_TRANSCRIPT_1	ID_11968	0.00	-0.72	-6.56	-8.08	-7.50	-7.86
	1.00	LOCUS_37239.1_TRANSCRIPT_1	ID_12008	0.00	-1.42	-6.90	-9.36	-8.35	-7.46
	1.00	LOCUS_37259.0_TRANSCRIPT_1	ID_12029	0.00	15.08	-62.03	-68.45	-75.79	-69.87
	1.00	LOCUS_3728.0_TRANSCRIPT_1	ID_12047	0.00	-0.44	-1.28	-1.37	-1.19	-1.01
	1.00	LOCUS_37283.0_TRANSCRIPT_1	ID_12050	0.00	-42.77	-167.18	-161.66	-149.75	-142.43
	1.00	LOCUS_37295.0_TRANSCRIPT_1	ID_12057	0.00	0.23	-4.53	-5.47	-5.92	-4.86
	1.00	LOCUS_37302.0_TRANSCRIPT_1	ID_12061	0.00	6.27	-13.97	-22.83	-23.27	-24.46
	1.00	LOCUS_37341.0_TRANSCRIPT_1	ID_12093	0.00	-3.42	-17.63	-18.69	-18.79	-18.57
	1.00	LOCUS_37468.0_TRANSCRIPT_1	ID_12199	0.00	3.68	1.12	-0.73	-1.18	-0.85
	1.00	LOCUS_37592.0_TRANSCRIPT_1	ID_12295	0.00	25.31	-21.91	-34.48	-45.51	-41.03
	1.00	LOCUS_37628.0_TRANSCRIPT_1	ID_12328	0.00	-6.02	-106.57	-105.87	-122.48	-98.31
	1.00	LOCUS_37700.0_TRANSCRIPT_1	ID_12381	0.00	-0.72	-4.44	-4.23	-4.27	-2.74
	1.00	LOCUS_37758.0_TRANSCRIPT_1	ID_12430	0.00	81.45	-21.79	-129.68	-132.95	-132.90
	1.00	LOCUS_37778.0_TRANSCRIPT_1	ID_12446	0.00	1.19	-7.53	-6.82	-7.26	-5.71
	1.00	LOCUS_37810.0_TRANSCRIPT_1	ID_12469	0.00	9.71	-8.03	-18.52	-20.46	-20.06
	1.00	LOCUS_37828.0_TRANSCRIPT_1	ID_12483	0.00	19.92	-20.49	-24.12	-19.72	-22.99
	1.00	LOCUS_37863.0_TRANSCRIPT_1	ID_12513	0.00	4.84	0.61	-2.07	-5.54	-4.67
	1.00	LOCUS_37892.0_TRANSCRIPT_1	ID_12535	0.00	2.80	-5.15	-4.47	-5.45	-3.91
	1.00	LOCUS_37985.1_TRANSCRIPT_1	ID_12611	0.00	-14.98	-85.04	-91.25	-76.76	-89.15
	1.00	LOCUS_38061.0_TRANSCRIPT_1	ID_12678	0.00	2.25	-10.35	-21.89	-22.62	-17.45
	1.00	LOCUS_38150.0_TRANSCRIPT_1	ID_12753	0.00	4.32	-8.23	-11.67	-11.08	-3.68
	1.00	LOCUS_38151.0_TRANSCRIPT_1	ID_12754	0.00	2.31	-2.26	-1.67	-1.34	-0.64
	1.00	LOCUS_38166.0_TRANSCRIPT_1	ID_12766	0.00	-1.68	-9.22	-7.27	-10.36	-8.53
	1.00	LOCUS_38178.0_TRANSCRIPT_1	ID_12778	0.00	6.52	-9.63	-15.57	-17.49	-16.24
	1.00	LOCUS_38189.0_TRANSCRIPT_1	ID_12790	0.00	4.27	-8.57	-12.93	-12.99	-10.20
	1.00	LOCUS_38193.0_TRANSCRIPT_2	ID_12797	0.00	0.30	-4.18	-4.29	-4.77	-4.63
	1.00	LOCUS_38243.2_TRANSCRIPT_1	ID_12848	0.00	-3.63	-11.16	-11.46	-9.90	-8.78
	1.00	LOCUS_38245.0_TRANSCRIPT_1	ID_12853	0.00	1.16	-0.80	-1.31	-0.54	-0.25
	1.00	LOCUS_38248.1_TRANSCRIPT_3	ID_12855	0.00	-0.03	-0.96	-1.49	-1.46	-1.14
	1.00	LOCUS_38249.0_TRANSCRIPT_1	ID_12856	0.00	1.18	-1.28	-2.00	-2.22	-0.74
	1.00	LOCUS_38260.0_TRANSCRIPT_1	ID_12867	0.00	2.19	-6.51	-7.85	-6.66	-7.06
	1.00	LOCUS_38354.0_TRANSCRIPT_1	ID_12947	0.00	2.07	-3.93	-6.56	-8.43	-5.91
	1.00	LOCUS_38384.0_TRANSCRIPT_1	ID_12972	0.00	2.53	-1.77	-3.19	-3.11	-3.50
	1.00	LOCUS_38407.0_TRANSCRIPT_1	ID_12991	0.00	0.79	-4.49	-4.75	-4.69	-3.89
	1.00	LOCUS_38451.0_TRANSCRIPT_2	ID_13026	0.00	-0.26	-2.69	-3.14	-3.22	-2.78
	1.00	LOCUS_38547.0_TRANSCRIPT_1	ID_13106	0.00	4.04	-24.98	-30.95	-36.54	-35.21
	1.00	LOCUS_38556.0_TRANSCRIPT_2	ID_13113	0.00	0.88	-0.60	-1.16	-0.65	-0.66
	1.00	LOCUS_38723.0_TRANSCRIPT_2	ID_13249	0.00	0.54	-1.34	-1.52	-1.60	-1.14
	1.00	LOCUS_38726.0_TRANSCRIPT_1	ID_13251	0.00	-15.37	-72.96	-74.35	-77.58	-74.54
	1.00	LOCUS_38750.0_TRANSCRIPT_1	ID_13271	0.00	2.82	-0.75	-0.19	-0.70	-0.34
	1.00	LOCUS_38796.0_TRANSCRIPT_1	ID_13314	0.00	-6.18	-16.49	-15.44	-15.24	-13.04
	1.00	LOCUS_38819.0_TRANSCRIPT_1	ID_13333	0.00	4.17	-2.93	-3.07	-3.38	-2.59
	1.00	LOCUS_38915.0_TRANSCRIPT_1	ID_13422	0.00	-0.68	-3.64	-4.40	-4.33	-3.67
	1.00	LOCUS_38966.0_TRANSCRIPT_1	ID_13469	0.00	1.26	-0.69	-1.40	-1.32	-1.11
	1.00	LOCUS_38999.0_TRANSCRIPT_1	ID_13495	0.00	6.70	-5.25	-5.97	-8.82	-4.66
	1.00	LOCUS_39035.0_TRANSCRIPT_1	ID_13524	0.00	3.32	-14.94	-16.39	-14.66	-16.68
	1.00	LOCUS_39074.0_TRANSCRIPT_1	ID_13562	0.00	36.64	-57.25	-56.37	-53.17	-47.59
	1.00	LOCUS_39093.0_TRANSCRIPT_1	ID_13580	0.00	-0.16	-1.35	-1.39	-1.44	-1.00
	1.00	LOCUS_39102.1_TRANSCRIPT_1	ID_13594	0.00	0.29	-1.07	-1.36	-1.28	-1.42
	1.00	LOCUS_39194.0_TRANSCRIPT_1	ID_13670	0.00	1.03	-0.58	-0.71	-0.34	-0.79
	1.00	LOCUS_39223.0_TRANSCRIPT_2	ID_13700	0.00	-0.05	-0.96	-0.95	-0.98	-1.14
	1.00	LOCUS_39260.0_TRANSCRIPT_1	ID_13737	0.00	-0.42	-2.37	-2.38	-2.10	-2.25
	1.00	LOCUS_39400.0_TRANSCRIPT_2	ID_13865	0.00	1.77	-0.47	-1.59	-1.70	-1.67
	1.00	LOCUS_39429.0_TRANSCRIPT_1	ID_13896	0.00	3.76	-4.96	-8.19	-8.55	-8.43
	1.00	LOCUS_39445.0_TRANSCRIPT_1	ID_13903	0.00	4.63	-4.88	-4.69	-0.26	-2.21
	1.00	LOCUS_39464.0_TRANSCRIPT_1	ID_13923	0.00	2.99	0.16	-2.19	-2.74	-2.50
	1.00	LOCUS_39538.0_TRANSCRIPT_1	ID_13989	0.00	-5.97	-31.83	-32.97	-35.00	-33.48
	1.00	LOCUS_39548.0_TRANSCRIPT_1	ID_13996	0.00	5.00	-65.37	-70.28	-78.06	-75.17
	1.00	LOCUS_39573.0_TRANSCRIPT_1	ID_14022	0.00	3.94	-1.84	-3.21	-3.18	-1.40
	1.00	LOCUS_39578.0_TRANSCRIPT_1	ID_14028	0.00	1.68	-1.17	-0.37	-0.70	-0.48
	1.00	LOCUS_39619.0_TRANSCRIPT_1	ID_14072	0.00	2.70	-5.40	-4.41	-6.15	-4.61
	1.00	LOCUS_39621.0_TRANSCRIPT_2	ID_14074	0.00	0.58	-1.81	-1.81	-1.90	-1.69
	1.00	LOCUS_39647.0_TRANSCRIPT_2	ID_14095	0.00	0.86	-0.95	-1.59	-0.50	-0.63
	1.00	LOCUS_39665.0_TRANSCRIPT_1	ID_14113	0.00	8.19	-6.07	-13.98	-15.45	-11.32
	1.00	LOCUS_39665.1_TRANSCRIPT_2	ID_14114	0.00	-0.06	-0.80	-1.09	-1.17	-0.77
	1.00	LOCUS_39694.0_TRANSCRIPT_1	ID_14137	0.00	0.17	-9.13	-12.18	-13.20	-11.90
	1.00	LOCUS_39711.0_TRANSCRIPT_1	ID_14151	0.00	0.62	-50.52	-50.88	-42.90	-52.78
	1.00	LOCUS_39743.1_TRANSCRIPT_1	ID_14179	0.00	1.23	-30.11	-36.08	-34.40	-30.35
	1.00	LOCUS_39768.1_TRANSCRIPT_1	ID_14202	0.00	2.98	-2.13	-3.94	-5.21	-4.54
	1.00	LOCUS_39785.1_TRANSCRIPT_1	ID_14217	0.00	10.36	-17.23	-22.50	-13.85	-23.53
	1.00	LOCUS_39789.0_TRANSCRIPT_1	ID_14221	0.00	7.47	-12.07	-17.84	-19.80	-19.64
	1.00	LOCUS_39793.0_TRANSCRIPT_1	ID_14224	0.00	2.70	0.26	-0.17	-0.52	0.15
	1.00	LOCUS_39971.0_TRANSCRIPT_2	ID_14377	0.00	-1.84	-4.73	-5.76	-5.40	-3.56
	1.00	LOCUS_40031.0_TRANSCRIPT_1	ID_14429	0.00	-0.26	-1.30	-1.36	-1.51	-1.17
	1.00	LOCUS_40131.0_TRANSCRIPT_2	ID_14517	0.00	0.00	-0.80	-1.05	-0.88	-0.45
	1.00	LOCUS_40147.0_TRANSCRIPT_1	ID_14527	0.00	0.62	-7.05	-8.11	-8.55	-7.73
	1.00	LOCUS_40147.0_TRANSCRIPT_2	ID_14528	0.00	1.17	-2.44	-3.96	-3.97	-3.86
	1.00	LOCUS_40182.1_TRANSCRIPT_1	ID_14567	0.00	2.67	-11.40	-11.87	-15.76	-14.52
	1.00	LOCUS_40205.0_TRANSCRIPT_1	ID_14588	0.00	5.70	-9.40	-11.42	-8.97	-9.76
	1.00	LOCUS_40337.0_TRANSCRIPT_2	ID_14714	0.00	0.07	-1.27	-1.36	-1.36	-1.36
	1.00	LOCUS_40337.0_TRANSCRIPT_3	ID_14715	0.00	-0.45	-2.70	-2.94	-2.99	-2.96
	1.00	LOCUS_40344.0_TRANSCRIPT_2	ID_14721	0.00	406.87	-28.57	-57.79	-84.27	-83.74
	1.00	LOCUS_40450.0_TRANSCRIPT_1	ID_14814	0.00	56.73	-32.59	-42.05	-49.02	-46.20
	1.00	LOCUS_40471.0_TRANSCRIPT_1	ID_14839	0.00	3.11	-4.66	-7.21	-8.44	-7.58
	1.00	LOCUS_40562.0_TRANSCRIPT_1	ID_14927	0.00	48.04	-28.59	-33.03	-36.65	-34.07
	1.00	LOCUS_40594.0_TRANSCRIPT_2	ID_14954	0.00	-1.09	-22.66	-19.22	-16.55	-20.93
	1.00	LOCUS_40598.0_TRANSCRIPT_1	ID_14958	0.00	1.75	-2.96	-3.75	-4.86	-2.49
	1.00	LOCUS_40601.1_TRANSCRIPT_1	ID_14965	0.00	-0.22	-9.55	-9.46	-9.34	-8.88
	1.00	LOCUS_40622.0_TRANSCRIPT_2	ID_14995	0.00	-1.56	-16.08	-17.50	-17.89	-16.84
	1.00	LOCUS_40622.2_TRANSCRIPT_1	ID_14996	0.00	4.51	-38.17	-42.01	-43.14	-42.84
	1.00	LOCUS_40623.0_TRANSCRIPT_3	ID_14997	0.00	0.39	-0.53	-0.60	-0.70	-0.65
	1.00	LOCUS_40624.0_TRANSCRIPT_1	ID_14998	0.00	8.03	-3.32	-7.28	-7.00	-7.77
	1.00	LOCUS_40631.0_TRANSCRIPT_1	ID_15005	0.00	-28.40	-149.03	-145.43	-155.99	-153.60
	1.00	LOCUS_40647.0_TRANSCRIPT_1	ID_15018	0.00	11.25	-2.66	-6.18	-6.52	-8.18
	1.00	LOCUS_40659.0_TRANSCRIPT_3	ID_15031	0.00	4.24	-3.87	-5.44	-6.31	-5.24
	1.00	LOCUS_40678.0_TRANSCRIPT_1	ID_15059	0.00	3.18	-4.98	-7.31	-7.18	-6.30
	1.00	LOCUS_40727.0_TRANSCRIPT_1	ID_15108	0.00	0.45	-1.99	-0.78	-2.84	-1.86
	1.00	LOCUS_40738.0_TRANSCRIPT_1	ID_15119	0.00	2.21	-6.45	-7.83	-7.12	-7.30
	1.00	LOCUS_40777.0_TRANSCRIPT_1	ID_15152	0.00	0.32	-1.24	-1.54	-1.84	-1.61
	1.00	LOCUS_40783.0_TRANSCRIPT_1	ID_15157	0.00	2.59	-2.44	-2.88	-0.78	-1.72
	1.00	LOCUS_40801.0_TRANSCRIPT_4	ID_15177	0.00	1.10	-1.19	-2.58	-2.63	-2.63
	1.00	LOCUS_40804.0_TRANSCRIPT_2	ID_15180	0.00	3.36	-17.58	-28.65	-27.62	-27.77
	1.00	LOCUS_40807.0_TRANSCRIPT_3	ID_15182	0.00	0.82	-0.63	-1.21	-1.32	-0.86
	1.00	LOCUS_40834.1_TRANSCRIPT_1	ID_15214	0.00	1.13	-1.68	-1.09	-2.86	-1.63
	1.00	LOCUS_40919.1_TRANSCRIPT_2	ID_15295	0.00	-0.72	-3.78	-3.63	-3.90	-3.58
	1.00	LOCUS_40952.0_TRANSCRIPT_1	ID_15326	0.00	-0.01	-8.44	-8.65	-9.38	-9.07
	1.00	LOCUS_40952.0_TRANSCRIPT_2	ID_15327	0.00	3.45	-12.84	-13.18	-13.78	-12.70
	1.00	LOCUS_40954.0_TRANSCRIPT_1	ID_15329	0.00	-0.20	-4.02	-4.45	-5.12	-3.83
	1.00	LOCUS_40999.0_TRANSCRIPT_1	ID_15371	0.00	0.75	-1.09	-1.12	-0.89	-1.12
	1.00	LOCUS_40999.0_TRANSCRIPT_2	ID_15372	0.00	0.55	-0.35	-0.35	-0.60	-0.54
	1.00	LOCUS_40999.1_TRANSCRIPT_1	ID_15373	0.00	9.24	-11.64	-14.96	-19.04	-17.88
	1.00	LOCUS_41019.0_TRANSCRIPT_1	ID_15392	0.00	1.83	-17.64	-17.78	-18.52	-16.77
	1.00	LOCUS_41074.0_TRANSCRIPT_2	ID_15439	0.00	0.66	-2.76	-2.39	-2.77	-3.03
	1.00	LOCUS_41133.0_TRANSCRIPT_1	ID_15480	0.00	19.09	0.20	-1.23	-3.27	-4.81
	1.00	LOCUS_41139.0_TRANSCRIPT_1	ID_15484	0.00	-1.08	-10.07	-10.14	-10.53	-8.25
	1.00	LOCUS_41157.0_TRANSCRIPT_3	ID_15499	0.00	1.42	-0.41	-1.55	-1.48	-1.53
	1.00	LOCUS_41196.0_TRANSCRIPT_1	ID_15537	0.00	5.21	-1.88	-4.13	-1.65	-4.42
	1.00	LOCUS_41231.0_TRANSCRIPT_1	ID_15569	0.00	1.66	-16.07	-15.71	-15.19	-9.32
	1.00	LOCUS_41231.1_TRANSCRIPT_1	ID_15570	0.00	2.86	-4.36	-4.09	-4.28	-3.95
	1.00	LOCUS_41268.1_TRANSCRIPT_1	ID_15610	0.00	3.78	-0.74	-3.74	-5.66	-5.09
	1.00	LOCUS_41277.0_TRANSCRIPT_1	ID_15614	0.00	34.46	-12.04	-24.34	-27.75	-15.94
	1.00	LOCUS_41293.1_TRANSCRIPT_2	ID_15632	0.00	-5.57	-21.31	-22.17	-21.38	-21.46
	1.00	LOCUS_41394.0_TRANSCRIPT_1	ID_15720	0.00	10.78	-0.33	-8.47	-9.16	-8.85
	1.00	LOCUS_41397.0_TRANSCRIPT_2	ID_15724	0.00	15.55	-36.09	-36.62	-42.06	-30.98
	1.00	LOCUS_41461.0_TRANSCRIPT_1	ID_15790	0.00	2.46	-1.05	-1.94	-1.91	-1.90
	1.00	LOCUS_41469.4_TRANSCRIPT_1	ID_15801	0.00	3.82	-1.72	-6.95	-6.48	-5.96
	1.00	LOCUS_41485.0_TRANSCRIPT_3	ID_15814	0.00	-3.37	-13.06	-13.85	-15.73	-12.05
	1.00	LOCUS_41577.0_TRANSCRIPT_2	ID_15908	0.00	-0.35	-2.29	-2.55	-2.50	-2.62
	1.00	LOCUS_41599.0_TRANSCRIPT_1	ID_15930	0.00	-1.34	-21.19	-23.73	-27.56	-25.20
	1.00	LOCUS_41625.0_TRANSCRIPT_1	ID_15954	0.00	-5.62	-19.93	-19.78	-21.47	-18.14
	1.00	LOCUS_41654.0_TRANSCRIPT_1	ID_15984	0.00	32.53	0.42	-22.85	-31.85	-32.00
	1.00	LOCUS_41698.0_TRANSCRIPT_1	ID_16029	0.00	0.06	-4.40	-5.75	-6.08	-4.88
	1.00	LOCUS_41698.0_TRANSCRIPT_3	ID_16031	0.00	0.36	-1.45	-1.57	-1.82	-1.72
	1.00	LOCUS_41716.1_TRANSCRIPT_1	ID_16054	0.00	50.80	-41.02	-38.68	-41.02	-39.74
	1.00	LOCUS_41809.0_TRANSCRIPT_1	ID_16142	0.00	0.04	-4.43	-4.45	-4.39	-4.37
	1.00	LOCUS_41817.0_TRANSCRIPT_1	ID_16153	0.00	-0.74	-68.26	-74.55	-68.61	-73.33
	1.00	LOCUS_41869.0_TRANSCRIPT_1	ID_16208	0.00	40.04	-27.22	-41.96	-41.55	-46.52
	1.00	LOCUS_42004.0_TRANSCRIPT_1	ID_16331	0.00	0.78	-0.15	-0.30	-0.32	-0.35
	1.00	LOCUS_42026.0_TRANSCRIPT_1	ID_16362	0.00	-0.79	-16.86	-17.59	-17.31	-16.71
	1.00	LOCUS_42036.1_TRANSCRIPT_1	ID_16374	0.00	6.95	-6.61	-4.07	-7.99	-5.19
	1.00	LOCUS_42051.0_TRANSCRIPT_2	ID_16395	0.00	1.41	-0.50	-0.96	-0.49	-0.95
	1.00	LOCUS_42081.0_TRANSCRIPT_1	ID_16431	0.00	-0.22	-6.34	-7.67	-8.41	-7.56
	1.00	LOCUS_42097.0_TRANSCRIPT_1	ID_16447	0.00	-17.84	-117.07	-134.52	-142.34	-127.10
	1.00	LOCUS_42104.0_TRANSCRIPT_2	ID_16461	0.00	0.32	-1.16	-1.27	-0.87	-1.06
	1.00	LOCUS_42159.0_TRANSCRIPT_1	ID_16516	0.00	27.78	-40.41	-48.05	-50.86	-48.49
	1.00	LOCUS_42186.0_TRANSCRIPT_1	ID_16538	0.00	2.67	-3.44	-2.80	-1.21	-3.11
	1.00	LOCUS_42215.0_TRANSCRIPT_1	ID_16578	0.00	14.37	-5.22	-5.62	-8.90	-7.08
	1.00	LOCUS_42215.1_TRANSCRIPT_2	ID_16579	0.00	3.99	-0.02	-0.95	-3.10	-1.74
	1.00	LOCUS_42234.0_TRANSCRIPT_1	ID_16602	0.00	191.71	-273.18	-379.58	-452.89	-466.92
	1.00	LOCUS_42252.0_TRANSCRIPT_2	ID_16625	0.00	0.96	-3.96	-3.23	-4.61	-4.91
	1.00	LOCUS_42253.0_TRANSCRIPT_1	ID_16626	0.00	1.47	-0.76	-1.54	-0.57	-2.34
	1.00	LOCUS_42266.0_TRANSCRIPT_1	ID_16643	0.00	47.21	-29.90	-37.53	-30.32	-32.30
	1.00	LOCUS_42317.0_TRANSCRIPT_1	ID_16693	0.00	0.40	-10.14	-10.70	-11.70	-11.21
	1.00	LOCUS_42321.1_TRANSCRIPT_1	ID_16698	0.00	-1.26	-9.65	-9.38	-8.50	-6.54
	1.00	LOCUS_42355.0_TRANSCRIPT_1	ID_16729	0.00	2.02	-4.62	-7.28	-7.48	-7.73
	1.00	LOCUS_42377.0_TRANSCRIPT_2	ID_16757	0.00	1.02	-0.46	-0.98	-0.89	-0.76
	1.00	LOCUS_42463.0_TRANSCRIPT_1	ID_16847	0.00	0.37	-0.53	-0.78	-0.81	-0.71
	1.00	LOCUS_42499.0_TRANSCRIPT_1	ID_16885	0.00	1.12	-0.80	-1.18	-1.16	-0.68
	1.00	LOCUS_42499.1_TRANSCRIPT_1	ID_16887	0.00	1.92	-1.49	-1.60	-2.44	-1.75
	1.00	LOCUS_42528.2_TRANSCRIPT_1	ID_16925	0.00	37.14	-77.42	-120.27	-122.54	-117.27
	1.00	LOCUS_42613.0_TRANSCRIPT_1	ID_17010	0.00	19.90	-21.64	-19.35	-19.53	-13.40
	1.00	LOCUS_42618.0_TRANSCRIPT_1	ID_17015	0.00	117.77	-46.13	-61.65	-54.18	-65.34
	1.00	LOCUS_42626.0_TRANSCRIPT_1	ID_17022	0.00	1.43	-2.11	-2.72	-2.47	-2.83
	1.00	LOCUS_42639.0_TRANSCRIPT_2	ID_17034	0.00	0.63	-0.61	-0.25	-0.97	-0.05
	1.00	LOCUS_42647.0_TRANSCRIPT_3	ID_17044	0.00	-1.62	-14.37	-15.19	-15.92	-15.68
	1.00	LOCUS_42676.0_TRANSCRIPT_1	ID_17077	0.00	137.57	-61.89	-70.33	-82.74	-72.54
	1.00	LOCUS_42686.0_TRANSCRIPT_1	ID_17093	0.00	53.06	-82.55	-127.99	-137.07	-140.14
	1.00	LOCUS_42693.0_TRANSCRIPT_1	ID_17100	0.00	0.79	-3.32	-3.16	-3.95	-2.49
	1.00	LOCUS_42706.0_TRANSCRIPT_1	ID_17113	0.00	-0.64	-2.06	-1.96	-2.12	-1.82
	1.00	LOCUS_42731.1_TRANSCRIPT_1	ID_17140	0.00	-9.99	-52.92	-53.82	-52.20	-39.67
	1.00	LOCUS_42759.0_TRANSCRIPT_1	ID_17168	0.00	2.03	-2.15	-3.40	-3.20	-2.44
	1.00	LOCUS_42779.2_TRANSCRIPT_4	ID_17203	0.00	6.32	-50.00	-52.62	-47.80	-49.77
	1.00	LOCUS_42794.0_TRANSCRIPT_1	ID_17218	0.00	0.87	-1.74	-4.43	-3.35	-3.31
	1.00	LOCUS_42819.0_TRANSCRIPT_1	ID_17247	0.00	34.98	-3.17	-23.76	-23.26	-28.96
	1.00	LOCUS_42821.0_TRANSCRIPT_1	ID_17249	0.00	2.44	-9.94	-22.26	-18.12	-16.54
	1.00	LOCUS_42859.0_TRANSCRIPT_1	ID_17290	0.00	6.13	-19.42	-21.67	-21.39	-21.49
	1.00	LOCUS_42864.0_TRANSCRIPT_1	ID_17297	0.00	89.47	-47.29	-46.61	-75.31	-73.28
	1.00	LOCUS_4287.0_TRANSCRIPT_1	ID_17310	0.00	0.09	-0.65	-0.97	-0.81	-0.58
	1.00	LOCUS_42910.0_TRANSCRIPT_1	ID_17341	0.00	23.21	-82.40	-110.75	-102.11	-111.01
	1.00	LOCUS_42986.0_TRANSCRIPT_1	ID_17429	0.00	5.24	-0.76	-3.85	-3.74	-3.65
	1.00	LOCUS_43027.0_TRANSCRIPT_2	ID_17471	0.00	12.56	2.32	-3.91	-7.55	-9.30
	1.00	LOCUS_43029.0_TRANSCRIPT_2	ID_17473	0.00	6.23	-30.57	-49.02	-38.02	-39.66
	1.00	LOCUS_43048.0_TRANSCRIPT_1	ID_17498	0.00	25.85	-3.23	-22.67	-29.22	-27.45
	1.00	LOCUS_43112.0_TRANSCRIPT_1	ID_17572	0.00	4.84	-4.41	-7.21	-9.92	-9.19
	1.00	LOCUS_43135.0_TRANSCRIPT_1	ID_17601	0.00	0.43	-0.63	-0.33	-1.52	-0.84
	1.00	LOCUS_43198.0_TRANSCRIPT_2	ID_17670	0.00	-0.46	-2.09	-1.75	-1.86	-1.27
	1.00	LOCUS_4325.0_TRANSCRIPT_1	ID_17728	0.00	-0.21	-1.66	-1.52	-1.45	-1.28
	1.00	LOCUS_43268.0_TRANSCRIPT_1	ID_17743	0.00	16.00	2.20	0.32	-0.06	-0.00
	1.00	LOCUS_43269.0_TRANSCRIPT_2	ID_17745	0.00	0.44	-2.24	-2.31	-2.39	-2.33
	1.00	LOCUS_43271.1_TRANSCRIPT_1	ID_17747	0.00	-1.53	-15.45	-15.72	-16.90	-14.35
	1.00	LOCUS_43273.0_TRANSCRIPT_1	ID_17748	0.00	5.19	-3.06	-5.35	-7.69	-3.53
	1.00	LOCUS_43279.0_TRANSCRIPT_1	ID_17757	0.00	-2.19	-9.61	-11.34	-9.95	-10.47
	1.00	LOCUS_43310.0_TRANSCRIPT_1	ID_17781	0.00	4.66	-0.10	-3.17	-2.39	-2.94
	1.00	LOCUS_43314.2_TRANSCRIPT_1	ID_17788	0.00	-0.32	-4.58	-4.84	-4.78	-4.72
	1.00	LOCUS_43314.2_TRANSCRIPT_6	ID_17789	0.00	-1.55	-30.86	-38.80	-39.91	-36.85
	1.00	LOCUS_43355.0_TRANSCRIPT_3	ID_17832	0.00	1.71	-2.08	-2.22	-2.54	-2.76
	1.00	LOCUS_43369.1_TRANSCRIPT_2	ID_17847	0.00	8.31	-4.33	-4.71	-4.70	-5.20
	1.00	LOCUS_43471.0_TRANSCRIPT_4	ID_17961	0.00	0.92	-0.29	-0.30	-0.44	-0.43
	1.00	LOCUS_43659.0_TRANSCRIPT_1	ID_18178	0.00	105.50	-106.07	-160.28	-179.70	-159.84
	1.00	LOCUS_43721.0_TRANSCRIPT_1	ID_18255	0.00	1.74	-5.74	-6.72	-6.58	-4.57
	1.00	LOCUS_43821.0_TRANSCRIPT_1	ID_18371	0.00	8.60	-55.12	-57.27	-56.01	-55.32
	1.00	LOCUS_43850.0_TRANSCRIPT_2	ID_18399	0.00	-0.27	-1.38	-1.42	-1.42	-1.37
	1.00	LOCUS_43862.0_TRANSCRIPT_1	ID_18408	0.00	23.91	-248.47	-297.73	-299.98	-303.46
	1.00	LOCUS_43868.1_TRANSCRIPT_4	ID_18415	0.00	-33.31	-202.59	-211.81	-224.44	-221.41
	1.00	LOCUS_43895.1_TRANSCRIPT_1	ID_18447	0.00	20.90	-1.40	-3.40	-3.82	-0.92
	1.00	LOCUS_43910.0_TRANSCRIPT_1	ID_18463	0.00	0.15	-1.68	-0.99	-1.03	-0.88
	1.00	LOCUS_43993.0_TRANSCRIPT_2	ID_18544	0.00	1.23	-1.44	-1.78	-1.07	-1.53
	1.00	LOCUS_43999.0_TRANSCRIPT_2	ID_18550	0.00	-0.88	-28.61	-28.48	-29.39	-29.20
	1.00	LOCUS_44009.0_TRANSCRIPT_1	ID_18562	0.00	-43.20	-112.86	-109.79	-107.48	-91.25
	1.00	LOCUS_44027.1_TRANSCRIPT_1	ID_18586	0.00	-7.60	-35.74	-38.92	-39.41	-36.82
	1.00	LOCUS_44036.0_TRANSCRIPT_4	ID_18594	0.00	0.30	-1.36	-1.44	-1.33	-1.06
	1.00	LOCUS_44043.0_TRANSCRIPT_2	ID_18607	0.00	2.57	-0.22	-0.78	-1.40	-1.70
	1.00	LOCUS_44072.0_TRANSCRIPT_2	ID_18650	0.00	1.65	-2.36	-1.02	-2.19	0.08
	1.00	LOCUS_44125.0_TRANSCRIPT_1	ID_18703	0.00	-1.77	-12.53	-13.79	-13.20	-14.08
	1.00	LOCUS_44145.0_TRANSCRIPT_1	ID_18723	0.00	0.09	-6.07	-9.56	-9.12	-8.34
	1.00	LOCUS_44149.0_TRANSCRIPT_1	ID_18727	0.00	0.09	-17.64	-19.49	-21.63	-19.34
	1.00	LOCUS_44209.0_TRANSCRIPT_1	ID_18806	0.00	-3.96	-69.69	-87.57	-75.52	-77.81
	1.00	LOCUS_44209.0_TRANSCRIPT_2	ID_18807	0.00	16.29	-109.61	-143.39	-147.32	-156.01
	1.00	LOCUS_44243.0_TRANSCRIPT_1	ID_18838	0.00	29.69	-34.43	-36.34	-37.08	-35.61
	1.00	LOCUS_44244.0_TRANSCRIPT_1	ID_18839	0.00	13.07	-47.38	-40.78	-54.79	-41.80
	1.00	LOCUS_44269.0_TRANSCRIPT_4	ID_18860	0.00	-0.56	-3.92	-3.66	-3.45	-2.61
	1.00	LOCUS_44278.0_TRANSCRIPT_2	ID_18872	0.00	-0.47	-2.12	-1.97	-1.72	-1.66
	1.00	LOCUS_44303.0_TRANSCRIPT_1	ID_18914	0.00	-0.48	-48.86	-61.62	-62.58	-62.73
	1.00	LOCUS_44374.0_TRANSCRIPT_1	ID_18995	0.00	5.88	-5.42	-2.85	-6.45	-4.75
	1.00	LOCUS_44384.0_TRANSCRIPT_1	ID_19009	0.00	1.32	-0.96	-1.13	-2.10	-1.54
	1.00	LOCUS_44393.0_TRANSCRIPT_1	ID_19022	0.00	-3.60	-11.79	-14.74	-15.41	-9.80
	1.00	LOCUS_44417.0_TRANSCRIPT_1	ID_19060	0.00	-9.23	-56.12	-65.82	-66.19	-63.78
	1.00	LOCUS_44420.0_TRANSCRIPT_2	ID_19064	0.00	7.62	0.23	0.36	0.33	-0.10
	1.00	LOCUS_44435.0_TRANSCRIPT_1	ID_19085	0.00	3.45	-8.82	-5.18	-8.74	-4.10
	1.00	LOCUS_4444.0_TRANSCRIPT_1	ID_19090	0.00	0.60	-0.94	-0.81	-0.74	-0.76
	1.00	LOCUS_44441.1_TRANSCRIPT_1	ID_19094	0.00	-1.64	-37.16	-35.87	-36.53	-34.72
	1.00	LOCUS_44456.0_TRANSCRIPT_1	ID_19113	0.00	1.10	-13.31	-15.81	-16.51	-15.39
	1.00	LOCUS_44467.0_TRANSCRIPT_1	ID_19126	0.00	2.12	-13.90	-12.05	-16.40	-13.71
	1.00	LOCUS_44492.0_TRANSCRIPT_5	ID_19166	0.00	1.47	-0.25	-0.20	-0.83	-0.05
	1.00	LOCUS_44503.0_TRANSCRIPT_3	ID_19182	0.00	0.80	-0.32	-0.57	-0.63	-0.50
	1.00	LOCUS_44521.0_TRANSCRIPT_1	ID_19200	0.00	3.17	-0.35	-1.20	0.01	0.45
	1.00	LOCUS_44563.0_TRANSCRIPT_1	ID_19243	0.00	-7.01	-36.11	-35.46	-30.06	-21.22
	1.00	LOCUS_44613.0_TRANSCRIPT_1	ID_19314	0.00	-7.30	-44.04	-39.66	-42.39	-42.73
	1.00	LOCUS_44655.1_TRANSCRIPT_1	ID_19359	0.00	-15.48	-47.30	-44.24	-42.82	-36.67
	1.00	LOCUS_44691.1_TRANSCRIPT_1	ID_19391	0.00	-5.36	-30.34	-33.67	-29.21	-34.52
	1.00	LOCUS_44714.0_TRANSCRIPT_1	ID_19416	0.00	24.99	-60.91	-55.75	-46.24	-52.83
	1.00	LOCUS_44714.1_TRANSCRIPT_2	ID_19417	0.00	7.94	-10.73	-10.09	-11.68	-8.53
	1.00	LOCUS_44716.1_TRANSCRIPT_1	ID_19421	0.00	-5.09	-21.48	-18.72	-22.79	-20.11
	1.00	LOCUS_44743.0_TRANSCRIPT_1	ID_19453	0.00	1.28	-2.81	-2.57	-2.33	-1.48
	1.00	LOCUS_44786.0_TRANSCRIPT_4	ID_19520	0.00	2.67	-0.90	-2.04	-1.67	-1.41
	1.00	LOCUS_44815.0_TRANSCRIPT_3	ID_19561	0.00	40.48	11.58	-16.31	-22.18	-24.00
	1.00	LOCUS_44841.0_TRANSCRIPT_1	ID_19588	0.00	-0.85	-38.97	-26.68	-28.55	-38.79
	1.00	LOCUS_44847.0_TRANSCRIPT_2	ID_19596	0.00	0.22	-3.70	-3.79	-3.04	-2.89
	1.00	LOCUS_44849.0_TRANSCRIPT_1	ID_19598	0.00	16.95	-19.95	-31.40	-44.86	-32.81
	1.00	LOCUS_44890.0_TRANSCRIPT_1	ID_19637	0.00	2.79	-4.88	-8.05	-9.31	-6.81
	1.00	LOCUS_44890.1_TRANSCRIPT_1	ID_19638	0.00	3.48	-45.74	-64.95	-67.74	-66.95
	1.00	LOCUS_44909.0_TRANSCRIPT_1	ID_19662	0.00	8.01	-6.16	-11.60	-11.72	-10.83
	1.00	LOCUS_45043.0_TRANSCRIPT_1	ID_19805	0.00	4.89	-16.26	-18.82	-18.04	-19.12
	1.00	LOCUS_45066.0_TRANSCRIPT_1	ID_19829	0.00	14.13	-8.31	-11.13	-11.97	-8.47
	1.00	LOCUS_45092.0_TRANSCRIPT_2	ID_19878	0.00	3.27	-18.58	-17.92	-21.86	-21.56
	1.00	LOCUS_45166.0_TRANSCRIPT_1	ID_19970	0.00	4.79	-3.41	-4.50	-4.58	-4.03
	1.00	LOCUS_45185.1_TRANSCRIPT_1	ID_19992	0.00	42.82	-6.91	-7.43	-6.88	-8.08
	1.00	LOCUS_45234.1_TRANSCRIPT_2	ID_20065	0.00	75.55	-90.36	-55.33	-33.59	-38.02
	1.00	LOCUS_45239.0_TRANSCRIPT_1	ID_20074	0.00	18.25	-5.51	-10.04	-1.85	-19.17
	1.00	LOCUS_45249.0_TRANSCRIPT_1	ID_20083	0.00	1.00	-2.55	-2.87	-4.20	-1.81
	1.00	LOCUS_45251.0_TRANSCRIPT_1	ID_20085	0.00	-0.09	-9.00	-9.49	-9.62	-9.71
	1.00	LOCUS_45281.0_TRANSCRIPT_1	ID_20113	0.00	-32.36	-261.64	-236.77	-204.22	-200.47
	1.00	LOCUS_45290.0_TRANSCRIPT_1	ID_20124	0.00	83.87	-4.57	-46.52	-76.22	-48.03
	1.00	LOCUS_45321.0_TRANSCRIPT_1	ID_20157	0.00	-1.83	-37.13	-34.85	-35.92	-32.12
	1.00	LOCUS_45328.0_TRANSCRIPT_1	ID_20168	0.00	18.62	-1.43	-10.93	-13.49	-13.15
	1.00	LOCUS_45386.0_TRANSCRIPT_2	ID_20234	0.00	1.33	-9.87	-10.03	-12.75	-11.31
	1.00	LOCUS_45389.0_TRANSCRIPT_1	ID_20236	0.00	33.15	-16.72	-19.82	-18.13	-14.99
	1.00	LOCUS_45448.2_TRANSCRIPT_2	ID_20318	0.00	3.05	-3.39	-3.37	-4.90	-4.11
	1.00	LOCUS_45453.1_TRANSCRIPT_2	ID_20333	0.00	0.99	-1.45	-1.17	-1.58	-0.87
	1.00	LOCUS_45453.2_TRANSCRIPT_1	ID_20334	0.00	29.89	-42.10	-45.91	-59.51	-52.28
	1.00	LOCUS_45460.0_TRANSCRIPT_1	ID_20349	0.00	12.83	-12.92	-28.71	-15.40	-27.48
	1.00	LOCUS_45467.1_TRANSCRIPT_1	ID_20354	0.00	2.81	-1.63	-1.37	-2.99	-1.36
	1.00	LOCUS_45467.1_TRANSCRIPT_2	ID_20355	0.00	51.01	-5.16	-5.43	-11.29	-8.17
	1.00	LOCUS_45484.0_TRANSCRIPT_1	ID_20372	0.00	13.78	-22.67	-27.55	-26.26	-18.95
	1.00	LOCUS_45500.1_TRANSCRIPT_6	ID_20395	0.00	0.79	-0.58	-1.18	-1.11	-1.22
	1.00	LOCUS_45523.0_TRANSCRIPT_2	ID_20419	0.00	0.80	-1.23	-1.37	-1.41	-1.38
	1.00	LOCUS_45547.0_TRANSCRIPT_1	ID_20457	0.00	1.12	-1.15	-1.29	-0.79	-1.23
	1.00	LOCUS_45561.1_TRANSCRIPT_2	ID_20473	0.00	0.66	-0.66	-0.95	-1.39	-0.60
	1.00	LOCUS_45589.0_TRANSCRIPT_1	ID_20504	0.00	-1.97	-20.75	-24.59	-23.99	-24.02
	1.00	LOCUS_45590.0_TRANSCRIPT_2	ID_20505	0.00	-2.08	-18.88	-23.70	-18.62	-18.59
	1.00	LOCUS_45592.0_TRANSCRIPT_1	ID_20508	0.00	5.91	-30.14	-32.90	-32.44	-30.73
	1.00	LOCUS_45600.0_TRANSCRIPT_2	ID_20522	0.00	6.18	-3.61	-5.22	-6.50	-5.71
	1.00	LOCUS_45608.0_TRANSCRIPT_1	ID_20532	0.00	4.76	-105.25	-94.25	-111.97	-91.21
	1.00	LOCUS_45613.1_TRANSCRIPT_1	ID_20538	0.00	0.23	-0.96	-1.07	-1.00	-0.98
	1.00	LOCUS_45631.0_TRANSCRIPT_1	ID_20559	0.00	-0.93	-11.82	-10.49	-11.86	-7.99
	1.00	LOCUS_45633.0_TRANSCRIPT_1	ID_20564	0.00	27.45	-5.71	-15.50	-13.59	-15.24
	1.00	LOCUS_45668.0_TRANSCRIPT_2	ID_20593	0.00	-17.50	-51.40	-54.57	-55.48	-44.64
	1.00	LOCUS_45668.0_TRANSCRIPT_3	ID_20594	0.00	-1.30	-6.15	-6.45	-6.97	-4.65
	1.00	LOCUS_45696.1_TRANSCRIPT_1	ID_20628	0.00	-0.04	-11.15	-11.32	-10.99	-10.91
	1.00	LOCUS_45721.0_TRANSCRIPT_1	ID_20662	0.00	13.87	-2.20	-4.55	-2.54	-3.39
	1.00	LOCUS_45721.1_TRANSCRIPT_1	ID_20663	0.00	53.51	-6.95	-12.70	-4.06	-10.20
	1.00	LOCUS_45776.0_TRANSCRIPT_1	ID_20740	0.00	-1.23	-12.71	-13.87	-14.27	-10.74
	1.00	LOCUS_45783.0_TRANSCRIPT_2	ID_20744	0.00	-0.92	-7.48	-8.01	-8.06	-7.86
	1.00	LOCUS_45824.0_TRANSCRIPT_1	ID_20790	0.00	5.23	-7.51	-9.01	-9.26	-6.78
	1.00	LOCUS_45827.0_TRANSCRIPT_2	ID_20793	0.00	0.78	0.05	-0.21	-0.24	-0.10
	1.00	LOCUS_45828.1_TRANSCRIPT_1	ID_20795	0.00	0.90	-2.42	-2.37	-2.54	-2.38
	1.00	LOCUS_45836.0_TRANSCRIPT_1	ID_20803	0.00	8.37	-2.98	-3.52	-3.63	-3.22
	1.00	LOCUS_45870.0_TRANSCRIPT_3	ID_20857	0.00	-6.14	-26.53	-27.24	-27.28	-27.46
	1.00	LOCUS_45876.1_TRANSCRIPT_2	ID_20869	0.00	6.30	-0.49	-0.80	-4.05	-0.43
	1.00	LOCUS_45912.1_TRANSCRIPT_3	ID_20926	0.00	-0.26	-1.12	-1.33	-1.39	-1.15
	1.00	LOCUS_45963.0_TRANSCRIPT_2	ID_20975	0.00	1.11	-11.99	-13.90	-13.49	-14.17
	1.00	LOCUS_46006.0_TRANSCRIPT_1	ID_21030	0.00	-7.56	-33.40	-39.23	-37.40	-35.93
	1.00	LOCUS_46026.0_TRANSCRIPT_1	ID_21048	0.00	2.77	-13.37	-16.76	-15.55	-17.73
	1.00	LOCUS_46045.0_TRANSCRIPT_1	ID_21070	0.00	-29.19	-171.31	-181.11	-176.05	-184.38
	1.00	LOCUS_46063.0_TRANSCRIPT_1	ID_21086	0.00	-16.15	-91.75	-101.19	-97.24	-99.17
	1.00	LOCUS_46086.0_TRANSCRIPT_1	ID_21118	0.00	4.53	0.60	-3.01	-3.63	-4.72
	1.00	LOCUS_46094.0_TRANSCRIPT_1	ID_21132	0.00	-1.56	-32.58	-44.47	-43.19	-35.37
	1.00	LOCUS_46113.0_TRANSCRIPT_2	ID_21155	0.00	25.03	-16.20	-38.28	-53.36	-37.26
	1.00	LOCUS_46114.0_TRANSCRIPT_1	ID_21158	0.00	-0.38	-32.35	-33.09	-33.64	-33.37
	1.00	LOCUS_46157.1_TRANSCRIPT_2	ID_21213	0.00	0.05	-1.04	-1.36	-1.23	-1.32
	1.00	LOCUS_46164.0_TRANSCRIPT_1	ID_21218	0.00	-27.52	-181.74	-171.95	-180.39	-177.74
	1.00	LOCUS_46164.1_TRANSCRIPT_1	ID_21219	0.00	26.08	-33.16	-32.86	-37.23	-32.71
	1.00	LOCUS_46214.0_TRANSCRIPT_1	ID_21289	0.00	9.97	-65.13	-104.59	-109.29	-100.68
	1.00	LOCUS_46217.0_TRANSCRIPT_2	ID_21302	0.00	0.25	-85.64	-89.58	-88.81	-78.19
	1.00	LOCUS_46241.0_TRANSCRIPT_1	ID_21340	0.00	-0.89	-3.28	-3.57	-3.49	-3.07
	1.00	LOCUS_46250.2_TRANSCRIPT_1	ID_21355	0.00	4.22	-28.69	-25.06	-29.71	-16.68
	1.00	LOCUS_46273.1_TRANSCRIPT_3	ID_21385	0.00	-0.19	-1.63	-2.01	-2.05	-1.87
	1.00	LOCUS_46279.0_TRANSCRIPT_1	ID_21393	0.00	-0.08	-18.66	-17.70	-24.13	-21.31
	1.00	LOCUS_46339.0_TRANSCRIPT_1	ID_21479	0.00	-7.69	-39.31	-42.21	-47.57	-29.76
	1.00	LOCUS_46378.3_TRANSCRIPT_3	ID_21529	0.00	18.47	-15.60	-20.69	-22.12	-21.66
	1.00	LOCUS_46390.0_TRANSCRIPT_1	ID_21545	0.00	2.14	-9.29	-10.11	-12.25	-8.80
	1.00	LOCUS_46390.2_TRANSCRIPT_6	ID_21548	0.00	1.28	-15.32	-19.04	-12.71	-14.57
	1.00	LOCUS_46390.2_TRANSCRIPT_7	ID_21549	0.00	1.01	0.15	-0.45	-0.40	-0.19
	1.00	LOCUS_46401.2_TRANSCRIPT_3	ID_21568	0.00	0.26	-0.92	-1.59	-2.08	-1.52
	1.00	LOCUS_46484.1_TRANSCRIPT_1	ID_21692	0.00	89.92	19.51	-12.21	-12.55	-9.55
	1.00	LOCUS_46498.0_TRANSCRIPT_1	ID_21706	0.00	0.97	-3.85	-3.46	-4.79	-4.22
	1.00	LOCUS_46498.1_TRANSCRIPT_1	ID_21707	0.00	2.80	-1.60	-1.89	-3.35	-0.66
	1.00	LOCUS_46498.2_TRANSCRIPT_1	ID_21708	0.00	6.46	-7.83	-9.59	-10.23	-10.29
	1.00	LOCUS_46603.0_TRANSCRIPT_1	ID_21844	0.00	2.33	-8.83	-8.24	-7.35	-6.96
	1.00	LOCUS_46614.0_TRANSCRIPT_3	ID_21859	0.00	2.07	-0.43	-1.52	-1.84	-1.74
	1.00	LOCUS_46615.0_TRANSCRIPT_1	ID_21862	0.00	3.77	-2.66	-2.67	-0.92	0.59
	1.00	LOCUS_46651.0_TRANSCRIPT_3	ID_21911	0.00	-5.00	-14.80	-14.07	-12.67	-12.62
	1.00	LOCUS_46670.0_TRANSCRIPT_3	ID_21932	0.00	-0.58	-3.33	-3.60	-3.60	-3.68
	1.00	LOCUS_46706.1_TRANSCRIPT_1	ID_21980	0.00	5.82	-5.07	-7.03	-11.22	-5.02
	1.00	LOCUS_46729.2_TRANSCRIPT_1	ID_22023	0.00	-2.54	-56.08	-69.14	-61.85	-70.89
	1.00	LOCUS_46740.0_TRANSCRIPT_2	ID_22034	0.00	0.12	-0.94	-0.88	-0.96	-1.00
	1.00	LOCUS_46743.0_TRANSCRIPT_1	ID_22036	0.00	11.93	-15.36	-18.28	-22.39	-23.95
	1.00	LOCUS_46746.0_TRANSCRIPT_7	ID_22041	0.00	8.67	0.46	-0.31	-0.48	-0.31
	1.00	LOCUS_46750.0_TRANSCRIPT_3	ID_22049	0.00	-1.43	-6.71	-8.54	-6.89	-7.54
	1.00	LOCUS_46765.0_TRANSCRIPT_12	ID_22069	0.00	-8.59	-61.79	-66.39	-63.73	-65.65
	1.00	LOCUS_46798.0_TRANSCRIPT_1	ID_22108	0.00	12.95	-88.69	-95.45	-92.07	-97.93
	1.00	LOCUS_46802.0_TRANSCRIPT_1	ID_22118	0.00	1.95	-22.32	-28.00	-29.47	-29.02
	1.00	LOCUS_46807.0_TRANSCRIPT_1	ID_22125	0.00	28.04	-10.95	-5.38	-12.24	-3.39
	1.00	LOCUS_46829.0_TRANSCRIPT_1	ID_22154	0.00	73.72	-4.18	-23.46	-23.85	-23.45
	1.00	LOCUS_46863.2_TRANSCRIPT_4	ID_22210	0.00	26.77	1.01	-1.15	-16.07	-7.41
	1.00	LOCUS_46964.1_TRANSCRIPT_2	ID_22361	0.00	2.05	-1.04	-1.53	-0.65	-1.34
	1.00	LOCUS_46999.0_TRANSCRIPT_1	ID_22408	0.00	9.65	-48.89	-50.62	-53.53	-47.26
	1.00	LOCUS_47007.0_TRANSCRIPT_3	ID_22415	0.00	0.07	-3.94	-6.03	-5.52	-5.63
	1.00	LOCUS_47007.0_TRANSCRIPT_8	ID_22416	0.00	2.37	0.15	-1.11	-2.12	-2.73
	1.00	LOCUS_47032.0_TRANSCRIPT_1	ID_22444	0.00	9.33	-9.11	-13.88	-14.95	-14.69
	1.00	LOCUS_47032.2_TRANSCRIPT_1	ID_22445	0.00	49.07	-32.87	-55.93	-57.05	-58.70
	1.00	LOCUS_47039.0_TRANSCRIPT_1	ID_22456	0.00	226.19	-42.85	-70.09	-70.92	-71.84
	1.00	LOCUS_47065.0_TRANSCRIPT_16	ID_22498	0.00	6.62	-0.85	-0.72	-1.65	-1.94
	1.00	LOCUS_47065.0_TRANSCRIPT_17	ID_22499	0.00	0.57	-0.61	-0.70	-0.49	-0.47
	1.00	LOCUS_47075.0_TRANSCRIPT_1	ID_22511	0.00	-0.09	-24.38	-31.66	-30.42	-31.89
	1.00	LOCUS_47086.0_TRANSCRIPT_1	ID_22519	0.00	0.08	-0.74	-1.11	-1.05	-1.07
	1.00	LOCUS_47086.1_TRANSCRIPT_1	ID_22520	0.00	1.35	-0.83	-1.36	-1.30	-1.49
	1.00	LOCUS_47095.0_TRANSCRIPT_2	ID_22534	0.00	1.75	-3.31	-2.12	-4.66	-2.31
	1.00	LOCUS_47113.0_TRANSCRIPT_1	ID_22566	0.00	2.75	-0.59	-1.41	-2.15	-1.64
	1.00	LOCUS_47118.0_TRANSCRIPT_1	ID_22575	0.00	7.52	-18.51	-18.10	-15.44	-11.86
	1.00	LOCUS_47125.0_TRANSCRIPT_10	ID_22585	0.00	1.04	0.09	-0.58	-0.87	-0.94
	1.00	LOCUS_47163.0_TRANSCRIPT_2	ID_22632	0.00	-2.79	-14.63	-16.08	-15.89	-14.82
	1.00	LOCUS_47207.0_TRANSCRIPT_1	ID_22682	0.00	-0.51	-1.82	-2.00	-1.82	-1.75
	1.00	LOCUS_47223.0_TRANSCRIPT_3	ID_22701	0.00	-4.35	-14.46	-15.56	-13.35	-13.25
	1.00	LOCUS_47258.0_TRANSCRIPT_2	ID_22756	0.00	-0.99	-3.20	-3.41	-3.61	-2.68
	1.00	LOCUS_47272.1_TRANSCRIPT_1	ID_22779	0.00	-0.41	-29.36	-30.50	-35.95	-35.07
	1.00	LOCUS_47366.0_TRANSCRIPT_1	ID_22885	0.00	2.98	-3.43	-4.62	-6.83	-6.59
	1.00	LOCUS_47456.0_TRANSCRIPT_1	ID_23014	0.00	2.61	-15.16	-14.66	-23.92	-18.58
	1.00	LOCUS_47475.2_TRANSCRIPT_2	ID_23048	0.00	15.44	0.47	-16.95	-22.17	-16.35
	1.00	LOCUS_47659.0_TRANSCRIPT_2	ID_23315	0.00	7.89	-8.73	-9.61	-12.51	-10.75
	1.00	LOCUS_47712.0_TRANSCRIPT_4	ID_23380	0.00	0.09	-1.14	-1.25	-0.92	-1.13
	1.00	LOCUS_47728.2_TRANSCRIPT_1	ID_23400	0.00	90.27	-138.81	-188.20	-186.11	-177.92
	1.00	LOCUS_47753.0_TRANSCRIPT_2	ID_23427	0.00	0.76	0.12	0.03	-0.35	-0.10
	1.00	LOCUS_47798.0_TRANSCRIPT_1	ID_23483	0.00	3.48	-2.82	-5.33	-5.17	-6.74
	1.00	LOCUS_47831.0_TRANSCRIPT_1	ID_23534	0.00	53.01	-89.35	-100.78	-103.65	-94.47
	1.00	LOCUS_47881.0_TRANSCRIPT_1	ID_23598	0.00	-0.63	-15.05	-18.81	-20.22	-19.21
	1.00	LOCUS_47892.0_TRANSCRIPT_1	ID_23611	0.00	2.90	-12.78	-15.42	-14.42	-12.49
	1.00	LOCUS_47910.0_TRANSCRIPT_2	ID_23640	0.00	0.13	-4.71	-5.77	-5.72	-5.36
	1.00	LOCUS_47921.0_TRANSCRIPT_1	ID_23655	0.00	1.88	-101.76	-138.35	-130.99	-129.90
	1.00	LOCUS_47944.3_TRANSCRIPT_1	ID_23692	0.00	3.37	0.42	-1.50	-2.70	-2.57
	1.00	LOCUS_47951.2_TRANSCRIPT_1	ID_23703	0.00	1.85	-2.23	-2.19	-1.12	-2.99
	1.00	LOCUS_47965.0_TRANSCRIPT_1	ID_23721	0.00	10.24	-126.23	-121.72	-122.92	-117.41
	1.00	LOCUS_47971.0_TRANSCRIPT_1	ID_23732	0.00	-0.72	-5.02	-4.55	-4.75	-4.34
	1.00	LOCUS_47995.0_TRANSCRIPT_1	ID_23761	0.00	8.97	-3.60	-9.48	-9.00	-8.26
	1.00	LOCUS_48025.0_TRANSCRIPT_1	ID_23810	0.00	23.83	-10.99	-10.22	-13.04	-9.48
	1.00	LOCUS_48025.2_TRANSCRIPT_2	ID_23812	0.00	11.73	-11.23	-12.01	-12.37	-11.43
	1.00	LOCUS_48073.0_TRANSCRIPT_1	ID_23864	0.00	-0.48	-2.40	-2.27	-1.61	-1.43
	1.00	LOCUS_48080.0_TRANSCRIPT_1	ID_23871	0.00	7.42	-6.80	-4.95	-6.82	-2.62
	1.00	LOCUS_48133.0_TRANSCRIPT_1	ID_23947	0.00	-20.95	-119.08	-133.67	-147.56	-126.76
	1.00	LOCUS_48152.2_TRANSCRIPT_1	ID_23967	0.00	-0.71	-7.52	-7.78	-8.76	-8.25
	1.00	LOCUS_48155.0_TRANSCRIPT_1	ID_23969	0.00	69.29	-233.20	-317.16	-324.48	-313.92
	1.00	LOCUS_48169.0_TRANSCRIPT_1	ID_23991	0.00	8.21	-16.88	-18.03	-17.96	-17.65
	1.00	LOCUS_48245.0_TRANSCRIPT_2	ID_24096	0.00	0.63	-0.30	-0.23	-0.70	-0.48
	1.00	LOCUS_48250.0_TRANSCRIPT_1	ID_24112	0.00	0.94	0.35	-0.58	-0.47	-0.61
	1.00	LOCUS_48258.0_TRANSCRIPT_2	ID_24128	0.00	10.94	3.39	-1.47	-4.13	-3.56
	1.00	LOCUS_48332.1_TRANSCRIPT_1	ID_24221	0.00	0.21	-1.17	-0.65	-0.96	-0.86
	1.00	LOCUS_48344.0_TRANSCRIPT_2	ID_24235	0.00	13.47	-37.71	-30.23	-24.30	-13.94
	1.00	LOCUS_48359.0_TRANSCRIPT_1	ID_24251	0.00	-1.97	-6.15	-6.10	-5.57	-5.03
	1.00	LOCUS_48359.1_TRANSCRIPT_2	ID_24252	0.00	-0.02	-1.03	-0.95	-0.59	-0.73
	1.00	LOCUS_48364.1_TRANSCRIPT_1	ID_24260	0.00	24.00	-11.03	-15.08	-7.27	-11.73
	1.00	LOCUS_48366.0_TRANSCRIPT_11	ID_24266	0.00	-0.04	-1.56	-1.68	-1.65	-1.53
	1.00	LOCUS_48369.0_TRANSCRIPT_1	ID_24273	0.00	3.17	-71.10	-103.14	-91.37	-69.19
	1.00	LOCUS_48387.0_TRANSCRIPT_2	ID_24295	0.00	-0.13	-10.54	-10.63	-10.34	-10.28
	1.00	LOCUS_48387.0_TRANSCRIPT_4	ID_24296	0.00	0.57	-6.80	-7.11	-6.75	-6.57
	1.00	LOCUS_48405.1_TRANSCRIPT_1	ID_24321	0.00	1.82	-0.18	-1.29	-1.47	-1.33
	1.00	LOCUS_48413.3_TRANSCRIPT_1	ID_24335	0.00	2.20	-5.03	-7.41	-8.02	-7.66
	1.00	LOCUS_48424.0_TRANSCRIPT_1	ID_24352	0.00	2.62	-13.44	-14.09	-14.10	-13.87
	1.00	LOCUS_48442.0_TRANSCRIPT_1	ID_24381	0.00	71.77	-26.18	-39.85	-19.09	-23.64
	1.00	LOCUS_48473.0_TRANSCRIPT_1	ID_24425	0.00	0.52	-5.70	-7.27	-7.39	-6.94
	1.00	LOCUS_48486.0_TRANSCRIPT_12	ID_24438	0.00	1.11	0.26	0.14	-0.07	-0.01
	1.00	LOCUS_48486.0_TRANSCRIPT_18	ID_24439	0.00	4.04	0.49	0.06	-0.11	0.04
	1.00	LOCUS_48524.1_TRANSCRIPT_1	ID_24486	0.00	10.85	-0.93	-6.94	-7.95	-6.08
	1.00	LOCUS_48556.0_TRANSCRIPT_1	ID_24530	0.00	-3.48	-32.45	-33.49	-37.40	-30.55
	1.00	LOCUS_48592.0_TRANSCRIPT_6	ID_24579	0.00	6.90	0.99	-3.53	-2.29	-2.96
	1.00	LOCUS_48612.0_TRANSCRIPT_1	ID_24613	0.00	0.14	-5.35	-3.78	-6.76	-4.48
	1.00	LOCUS_48628.0_TRANSCRIPT_5	ID_24640	0.00	1.05	0.29	-0.15	-0.33	-0.29
	1.00	LOCUS_48701.0_TRANSCRIPT_1	ID_24753	0.00	1.07	-2.28	-3.62	-1.48	-3.33
	1.00	LOCUS_48714.0_TRANSCRIPT_2	ID_24771	0.00	6.33	-9.83	-9.98	-8.02	-8.88
	1.00	LOCUS_48760.0_TRANSCRIPT_5	ID_24837	0.00	0.13	-64.64	-67.11	-67.95	-68.31
	1.00	LOCUS_48760.1_TRANSCRIPT_1	ID_24838	0.00	7.33	-16.75	-17.71	-18.11	-18.27
	1.00	LOCUS_48787.1_TRANSCRIPT_5	ID_24874	0.00	11.81	-7.60	-9.83	-12.14	-12.74
	1.00	LOCUS_48903.0_TRANSCRIPT_1	ID_25013	0.00	-11.14	-63.12	-69.18	-65.42	-65.39
	1.00	LOCUS_48903.1_TRANSCRIPT_1	ID_25014	0.00	0.60	-8.28	-8.95	-8.55	-8.16
	1.00	LOCUS_48911.0_TRANSCRIPT_1	ID_25025	0.00	35.90	-51.85	-66.53	-65.60	-67.04
	1.00	LOCUS_48921.0_TRANSCRIPT_2	ID_25041	0.00	11.53	-4.38	-7.72	-11.92	-10.47
	1.00	LOCUS_48923.0_TRANSCRIPT_2	ID_25043	0.00	4.25	-11.33	-17.67	-15.89	-17.72
	1.00	LOCUS_48923.0_TRANSCRIPT_5	ID_25044	0.00	1.65	-3.61	-5.35	-5.54	-5.68
	1.00	LOCUS_48957.1_TRANSCRIPT_1	ID_25095	0.00	30.05	-11.84	-28.07	-27.84	-27.38
	1.00	LOCUS_48959.0_TRANSCRIPT_3	ID_25096	0.00	-2.13	-6.85	-9.29	-8.06	-6.74
	1.00	LOCUS_48973.0_TRANSCRIPT_1	ID_25118	0.00	0.72	-8.30	-6.05	-8.26	-7.20
	1.00	LOCUS_49003.1_TRANSCRIPT_3	ID_25162	0.00	-20.08	-78.61	-83.55	-76.24	-77.97
	1.00	LOCUS_49050.1_TRANSCRIPT_7	ID_25219	0.00	0.42	-0.21	-0.68	-0.43	-0.40
	1.00	LOCUS_49070.0_TRANSCRIPT_1	ID_25251	0.00	8.66	-154.46	-144.45	-198.99	-166.07
	1.00	LOCUS_49085.1_TRANSCRIPT_6	ID_25264	0.00	2.18	-1.60	-2.13	-1.94	-1.12
	1.00	LOCUS_49126.0_TRANSCRIPT_1	ID_25317	0.00	-0.53	-93.30	-107.99	-125.66	-117.74
	1.00	LOCUS_49173.0_TRANSCRIPT_2	ID_25380	0.00	21.80	-240.74	-331.60	-356.60	-356.66
	1.00	LOCUS_49201.0_TRANSCRIPT_1	ID_25426	0.00	-8.87	-44.10	-50.06	-48.77	-40.13
	1.00	LOCUS_49212.0_TRANSCRIPT_1	ID_25448	0.00	-0.90	-4.40	-4.33	-4.35	-4.13
	1.00	LOCUS_49212.1_TRANSCRIPT_1	ID_25449	0.00	-13.13	-63.53	-64.14	-64.87	-63.19
	1.00	LOCUS_49256.0_TRANSCRIPT_1	ID_25527	0.00	-2.90	-15.32	-16.15	-18.90	-14.49
	1.00	LOCUS_49262.3_TRANSCRIPT_1	ID_25533	0.00	45.76	-16.52	-44.10	-52.46	-46.65
	1.00	LOCUS_49263.0_TRANSCRIPT_2	ID_25535	0.00	0.69	-2.16	-2.41	-2.07	-1.61
	1.00	LOCUS_49263.1_TRANSCRIPT_2	ID_25537	0.00	0.21	-8.99	-8.41	-10.35	-7.93
	1.00	LOCUS_49270.0_TRANSCRIPT_4	ID_25548	0.00	-0.27	-1.94	-1.90	-2.11	-2.08
	1.00	LOCUS_49284.0_TRANSCRIPT_1	ID_25561	0.00	22.47	-5.20	-8.41	-11.24	-9.90
	1.00	LOCUS_49290.0_TRANSCRIPT_1	ID_25569	0.00	0.31	-4.51	-4.97	-4.94	-4.88
	1.00	LOCUS_49296.0_TRANSCRIPT_16	ID_25581	0.00	1.15	-1.37	-1.84	-1.92	-0.57
	1.00	LOCUS_49296.0_TRANSCRIPT_17	ID_25582	0.00	-0.06	-0.76	-1.45	-1.35	-1.03
	1.00	LOCUS_49309.0_TRANSCRIPT_2	ID_25608	0.00	5.86	1.52	-0.19	-0.31	-0.39
	1.00	LOCUS_49319.2_TRANSCRIPT_9	ID_25630	0.00	6.52	-2.91	-9.37	-11.76	-10.17
	1.00	LOCUS_49348.0_TRANSCRIPT_1	ID_25679	0.00	7.12	-89.59	-92.79	-90.54	-85.99
	1.00	LOCUS_49373.3_TRANSCRIPT_1	ID_25726	0.00	-1.56	-8.78	-9.23	-8.99	-9.16
	1.00	LOCUS_49475.0_TRANSCRIPT_1	ID_25853	0.00	147.01	-89.49	-202.70	-241.07	-239.45
	1.00	LOCUS_49476.4_TRANSCRIPT_3	ID_25855	0.00	-0.11	-1.66	-2.03	-1.37	-1.91
	1.00	LOCUS_49570.0_TRANSCRIPT_1	ID_25979	0.00	46.16	-54.20	-87.81	-88.19	-89.84
	1.00	LOCUS_49571.2_TRANSCRIPT_1	ID_25981	0.00	6.14	1.11	0.68	-1.58	-1.32
	1.00	LOCUS_49571.2_TRANSCRIPT_2	ID_25982	0.00	4.58	1.32	-1.08	-1.66	-1.60
	1.00	LOCUS_49648.0_TRANSCRIPT_2	ID_26081	0.00	39.50	-96.67	-137.02	-142.31	-126.68
	1.00	LOCUS_49667.0_TRANSCRIPT_1	ID_26103	0.00	30.55	-16.81	-41.20	-49.36	-48.16
	1.00	LOCUS_49709.0_TRANSCRIPT_3	ID_26147	0.00	0.22	-1.25	-1.24	-1.28	-1.07
	1.00	LOCUS_49754.0_TRANSCRIPT_2	ID_26193	0.00	791.28	12.25	0.23	-1.32	-1.04
	1.00	LOCUS_49813.1_TRANSCRIPT_1	ID_26281	0.00	-43.05	-213.62	-191.57	-221.85	-205.65
	1.00	LOCUS_49829.0_TRANSCRIPT_1	ID_26305	0.00	0.41	-0.29	-0.55	-0.84	-0.61
	1.00	LOCUS_49843.0_TRANSCRIPT_3	ID_26340	0.00	0.21	-7.36	-9.70	-11.77	-7.57
	1.00	LOCUS_49844.0_TRANSCRIPT_1	ID_26342	0.00	-0.28	-7.94	-8.07	-7.74	-7.77
	1.00	LOCUS_49847.0_TRANSCRIPT_3	ID_26348	0.00	12.94	-27.82	-30.63	-34.94	-34.53
	1.00	LOCUS_49887.0_TRANSCRIPT_1	ID_26392	0.00	107.60	-186.49	-209.94	-257.50	-246.33
	1.00	LOCUS_49888.0_TRANSCRIPT_1	ID_26393	0.00	6.14	-38.29	-36.44	-30.44	-35.39
	1.00	LOCUS_49911.0_TRANSCRIPT_1	ID_26437	0.00	-30.52	-178.23	-175.85	-188.52	-158.54
	1.00	LOCUS_49918.0_TRANSCRIPT_2	ID_26447	0.00	-2.37	-13.99	-12.33	-11.81	-14.68
	1.00	LOCUS_49944.0_TRANSCRIPT_1	ID_26490	0.00	92.39	-81.78	-88.52	-96.34	-81.05
	1.00	LOCUS_49956.1_TRANSCRIPT_1	ID_26508	0.00	93.15	-277.74	-320.39	-316.02	-335.96
	1.00	LOCUS_49969.2_TRANSCRIPT_1	ID_26529	0.00	3.24	-10.08	-12.49	-17.45	-15.99
	1.00	LOCUS_49996.0_TRANSCRIPT_1	ID_26577	0.00	-13.37	-34.44	-31.97	-31.57	-27.70
	1.00	LOCUS_50023.0_TRANSCRIPT_6	ID_26619	0.00	-0.25	-1.34	-1.34	-1.01	-0.96
	1.00	LOCUS_50034.1_TRANSCRIPT_4	ID_26627	0.00	10.88	-5.05	-8.36	-6.47	-7.30
	1.00	LOCUS_50119.0_TRANSCRIPT_2	ID_26732	0.00	-3.71	-51.86	-53.11	-54.99	-52.27
	1.00	LOCUS_50139.1_TRANSCRIPT_1	ID_26768	0.00	-6.41	-22.38	-20.21	-16.77	-15.91
	1.00	LOCUS_50157.0_TRANSCRIPT_1	ID_26786	0.00	-0.19	-2.57	-2.70	-3.58	-2.87
	1.00	LOCUS_50174.0_TRANSCRIPT_3	ID_26810	0.00	37.60	-76.14	-72.94	-90.59	-85.60
	1.00	LOCUS_50196.2_TRANSCRIPT_1	ID_26858	0.00	1.44	0.22	-1.44	-1.82	-1.45
	1.00	LOCUS_50267.1_TRANSCRIPT_1	ID_26970	0.00	5.81	-24.91	-26.72	-32.83	-32.25
	1.00	LOCUS_50280.0_TRANSCRIPT_1	ID_26995	0.00	15.55	-4.21	-3.94	-2.89	2.39
	1.00	LOCUS_50280.0_TRANSCRIPT_2	ID_26996	0.00	1.35	0.38	-0.20	-0.20	-0.23
	1.00	LOCUS_50292.0_TRANSCRIPT_1	ID_27009	0.00	21.56	-35.78	-34.17	-44.07	-34.70
	1.00	LOCUS_50299.1_TRANSCRIPT_1	ID_27016	0.00	0.13	-1.24	-1.58	-1.68	-1.56
	1.00	LOCUS_50331.0_TRANSCRIPT_8	ID_27086	0.00	-0.20	-0.93	-1.04	-0.72	-0.87
	1.00	LOCUS_50334.1_TRANSCRIPT_2	ID_27093	0.00	15.29	2.71	-3.40	-5.51	-0.40
	1.00	LOCUS_50382.0_TRANSCRIPT_10	ID_27157	0.00	1.21	-1.31	-2.18	-3.28	-2.90
	1.00	LOCUS_50417.0_TRANSCRIPT_14	ID_27206	0.00	1.06	-3.03	-1.66	-0.57	-0.41
	1.00	LOCUS_50455.0_TRANSCRIPT_3	ID_27256	0.00	-0.30	-2.36	-2.58	-2.75	-2.50
	1.00	LOCUS_50505.0_TRANSCRIPT_6	ID_27340	0.00	9.23	-4.92	-7.41	-5.29	-2.27
	1.00	LOCUS_5051.0_TRANSCRIPT_1	ID_27351	0.00	0.37	-0.58	-0.63	-0.72	-0.72
	1.00	LOCUS_50540.0_TRANSCRIPT_2	ID_27384	0.00	29.22	-137.71	-149.96	-195.25	-153.40
	1.00	LOCUS_50589.0_TRANSCRIPT_1	ID_27462	0.00	46.21	-15.47	-68.67	-88.47	-83.40
	1.00	LOCUS_50604.0_TRANSCRIPT_10	ID_27485	0.00	0.34	-0.95	-0.80	-0.79	-0.79
	1.00	LOCUS_50605.0_TRANSCRIPT_2	ID_27486	0.00	0.65	-0.35	-0.97	-1.50	-1.26
	1.00	LOCUS_50613.1_TRANSCRIPT_1	ID_27496	0.00	45.34	-9.43	-48.59	-48.64	-46.06
	1.00	LOCUS_50619.0_TRANSCRIPT_4	ID_27505	0.00	16.61	-6.14	-5.53	-12.36	-3.80
	1.00	LOCUS_50621.1_TRANSCRIPT_1	ID_27508	0.00	347.39	-56.85	-125.57	-176.38	-162.46
	1.00	LOCUS_50652.0_TRANSCRIPT_1	ID_27549	0.00	16.92	-18.64	-23.02	-26.61	-24.61
	1.00	LOCUS_50655.0_TRANSCRIPT_6	ID_27560	0.00	-7.25	-163.74	-165.38	-165.66	-163.31
	1.00	LOCUS_50680.0_TRANSCRIPT_11	ID_27587	0.00	5.21	-14.66	-23.22	-17.97	-25.90
	1.00	LOCUS_50698.4_TRANSCRIPT_2	ID_27614	0.00	0.33	-0.66	-1.02	-1.00	-1.00
	1.00	LOCUS_50756.0_TRANSCRIPT_1	ID_27669	0.00	-13.16	-40.17	-39.47	-33.79	-31.46
	1.00	LOCUS_50760.0_TRANSCRIPT_2	ID_27673	0.00	-0.88	-8.37	-9.85	-10.80	-9.41
	1.00	LOCUS_50806.2_TRANSCRIPT_22	ID_27747	0.00	0.47	-1.74	-1.66	-1.58	-1.05
	1.00	LOCUS_50812.0_TRANSCRIPT_4	ID_27757	0.00	0.74	-0.86	-0.95	-0.97	-0.39
	1.00	LOCUS_50812.0_TRANSCRIPT_5	ID_27758	0.00	1.52	-3.98	-4.67	-5.34	-5.15
	1.00	LOCUS_50816.0_TRANSCRIPT_4	ID_27766	0.00	51.66	-2.12	-60.74	-76.40	-64.37
	1.00	LOCUS_50832.0_TRANSCRIPT_1	ID_27792	0.00	0.26	-2.23	-2.04	-3.12	-1.85
	1.00	LOCUS_50832.0_TRANSCRIPT_3	ID_27793	0.00	-0.25	-2.11	-2.94	-2.70	-1.59
	1.00	LOCUS_50885.0_TRANSCRIPT_2	ID_27869	0.00	207.26	-84.70	-189.70	-215.74	-212.91
	1.00	LOCUS_50894.0_TRANSCRIPT_6	ID_27890	0.00	2.41	-7.18	-9.70	-8.79	-6.63
	1.00	LOCUS_50927.0_TRANSCRIPT_1	ID_27925	0.00	0.66	-1.31	-1.27	-2.78	-1.38
	1.00	LOCUS_50960.0_TRANSCRIPT_9	ID_27974	0.00	-5.45	-17.01	-16.83	-17.63	-12.40
	1.00	LOCUS_50966.0_TRANSCRIPT_1	ID_27978	0.00	16.18	5.37	-6.55	-8.02	-9.02
	1.00	LOCUS_50996.0_TRANSCRIPT_4	ID_28010	0.00	2.53	-1.81	-4.08	-4.13	-4.23
	1.00	LOCUS_50997.0_TRANSCRIPT_1	ID_28011	0.00	8.53	-21.11	-45.55	-41.65	-44.12
	1.00	LOCUS_51006.0_TRANSCRIPT_1	ID_28027	0.00	23.25	1.62	-10.98	-5.17	-10.10
	1.00	LOCUS_51025.0_TRANSCRIPT_2	ID_28050	0.00	-0.05	-5.06	-7.05	-8.03	-6.48
	1.00	LOCUS_51029.0_TRANSCRIPT_1	ID_28054	0.00	-14.07	-57.99	-57.65	-55.75	-53.67
	1.00	LOCUS_51029.3_TRANSCRIPT_1	ID_28056	0.00	-13.36	-50.75	-50.92	-51.54	-48.68
	1.00	LOCUS_51062.0_TRANSCRIPT_1	ID_28099	0.00	1.05	-7.02	-9.37	-7.39	-7.47
	1.00	LOCUS_51068.0_TRANSCRIPT_2	ID_28108	0.00	-1.51	-25.72	-26.02	-26.43	-27.12
	1.00	LOCUS_51096.0_TRANSCRIPT_4	ID_28147	0.00	1.10	-0.45	-0.72	-0.91	-0.99
	1.00	LOCUS_51103.0_TRANSCRIPT_2	ID_28151	0.00	-0.27	-1.38	-1.25	-1.52	-1.22
	1.00	LOCUS_51108.2_TRANSCRIPT_9	ID_28162	0.00	2.71	0.85	-1.18	-1.44	-1.54
	1.00	LOCUS_51114.0_TRANSCRIPT_8	ID_28172	0.00	19.02	-2.84	-3.56	-4.33	-2.88
	1.00	LOCUS_51150.0_TRANSCRIPT_7	ID_28227	0.00	0.30	-0.45	-0.79	-1.01	-0.74
	1.00	LOCUS_51202.0_TRANSCRIPT_1	ID_28298	0.00	-19.23	-74.95	-77.27	-73.13	-60.10
	1.00	LOCUS_51202.0_TRANSCRIPT_2	ID_28299	0.00	-0.17	-5.17	-5.51	-3.89	-4.07
	1.00	LOCUS_51318.0_TRANSCRIPT_8	ID_28439	0.00	52.30	3.34	1.85	0.65	1.54
	1.00	LOCUS_51335.0_TRANSCRIPT_4	ID_28462	0.00	0.55	-0.47	-1.67	-1.58	-1.48
	1.00	LOCUS_51373.1_TRANSCRIPT_3	ID_28505	0.00	0.47	-2.87	-3.22	-3.48	-3.54
	1.00	LOCUS_51373.2_TRANSCRIPT_1	ID_28506	0.00	-2.41	-9.82	-10.72	-11.01	-10.01
	1.00	LOCUS_51422.0_TRANSCRIPT_1	ID_28565	0.00	312.49	-7.39	-89.58	-50.83	-125.14
	1.00	LOCUS_51451.0_TRANSCRIPT_1	ID_28594	0.00	-23.24	-103.58	-114.62	-102.44	-58.12
	1.00	LOCUS_51500.0_TRANSCRIPT_1	ID_28643	0.00	0.93	-10.66	-12.08	-14.20	-13.91
	1.00	LOCUS_51522.0_TRANSCRIPT_1	ID_28665	0.00	-4.93	-39.68	-41.22	-42.67	-41.11
	1.00	LOCUS_51539.0_TRANSCRIPT_1	ID_28679	0.00	36.86	-23.82	-26.11	-26.97	-25.45
	1.00	LOCUS_51558.0_TRANSCRIPT_1	ID_28696	0.00	4.61	-82.52	-80.23	-82.18	-78.90
	1.00	LOCUS_51564.0_TRANSCRIPT_1	ID_28702	0.00	2.74	-20.65	-26.68	-28.70	-27.85
	1.00	LOCUS_51614.0_TRANSCRIPT_1	ID_28745	0.00	-10.27	-46.75	-48.14	-50.37	-47.28
	1.00	LOCUS_51617.0_TRANSCRIPT_1	ID_28748	0.00	2.64	-12.81	-12.95	-12.72	-10.29
	1.00	LOCUS_51652.0_TRANSCRIPT_1	ID_28770	0.00	8.63	-20.42	-24.10	-24.24	-23.49
	1.00	LOCUS_51690.0_TRANSCRIPT_1	ID_28795	0.00	11.92	1.91	-2.54	-1.98	-5.18
	1.00	LOCUS_51696.0_TRANSCRIPT_1	ID_28799	0.00	5.62	1.70	-0.32	-0.60	0.09
	1.00	LOCUS_51726.0_TRANSCRIPT_1	ID_28816	0.00	0.32	-2.69	-2.65	-2.84	-2.31
	1.00	LOCUS_51734.0_TRANSCRIPT_1	ID_28821	0.00	0.47	-5.40	-5.61	-5.55	-4.65
	1.00	LOCUS_51946.0_TRANSCRIPT_1	ID_28923	0.00	-0.63	-2.93	-2.89	-2.90	-2.43
	1.00	LOCUS_52074.0_TRANSCRIPT_1	ID_28989	0.00	0.49	-0.57	-1.16	-1.57	-1.35
	1.00	LOCUS_52153.0_TRANSCRIPT_1	ID_29022	0.00	0.98	-1.71	-2.30	-2.51	-1.87
	1.00	LOCUS_52178.0_TRANSCRIPT_1	ID_29034	0.00	0.44	-0.57	-0.72	-0.72	-0.72
	1.00	LOCUS_52293.0_TRANSCRIPT_1	ID_29088	0.00	0.77	-3.12	-4.27	-3.54	-3.30
	1.00	LOCUS_52321.0_TRANSCRIPT_1	ID_29100	0.00	0.34	-0.71	-0.92	-0.34	-0.79
	1.00	LOCUS_52552.0_TRANSCRIPT_1	ID_29185	0.00	2.12	-1.80	-2.25	-2.38	-1.94
	1.00	LOCUS_52584.0_TRANSCRIPT_1	ID_29195	0.00	1.05	-0.94	-1.12	-0.99	-0.98
	1.00	LOCUS_52715.0_TRANSCRIPT_1	ID_29241	0.00	4.85	-3.11	-3.26	-3.37	-3.09
	1.00	LOCUS_52999.0_TRANSCRIPT_1	ID_29340	0.00	0.29	-0.45	-0.79	-0.89	-0.76
	1.00	LOCUS_53000.0_TRANSCRIPT_1	ID_29342	0.00	0.70	-0.08	-0.42	-0.43	-0.44
	1.00	LOCUS_53131.0_TRANSCRIPT_1	ID_29399	0.00	0.59	-0.74	-0.74	-0.43	-0.73
	1.00	LOCUS_53367.0_TRANSCRIPT_1	ID_29477	0.00	2.07	-3.45	-3.63	-3.82	-2.71
	1.00	LOCUS_53461.0_TRANSCRIPT_1	ID_29509	0.00	0.89	0.08	-0.21	-0.27	-0.22
	1.00	LOCUS_53890.0_TRANSCRIPT_1	ID_29650	0.00	-0.23	-1.58	-1.34	-1.57	-1.13
	1.00	LOCUS_54163.0_TRANSCRIPT_1	ID_29731	0.00	-0.16	-1.21	-1.34	-1.01	-0.79
	1.00	LOCUS_54191.0_TRANSCRIPT_1	ID_29736	0.00	1.53	0.38	-0.10	-0.15	-0.31
	1.00	LOCUS_54220.0_TRANSCRIPT_1	ID_29746	0.00	1.84	-1.10	-1.29	-1.18	-0.86
	1.00	LOCUS_5433.0_TRANSCRIPT_1	ID_29791	0.00	0.73	-0.29	-0.51	-0.28	-0.37
	1.00	LOCUS_54392.0_TRANSCRIPT_1	ID_29804	0.00	-0.04	-1.36	-1.62	-1.42	-1.48
	1.00	LOCUS_54548.0_TRANSCRIPT_1	ID_29841	0.00	0.98	0.12	-0.09	-0.12	0.09
	1.00	LOCUS_54779.0_TRANSCRIPT_1	ID_29914	0.00	-0.60	-2.55	-2.59	-2.41	-2.57
	1.00	LOCUS_54862.0_TRANSCRIPT_1	ID_29942	0.00	0.40	-0.99	-1.01	-0.78	-0.91
	1.00	LOCUS_55238.0_TRANSCRIPT_1	ID_30057	0.00	0.66	-0.62	-0.61	-0.48	-0.67
	1.00	LOCUS_55330.0_TRANSCRIPT_1	ID_30091	0.00	0.72	-0.32	-0.38	-0.42	-0.25
	1.00	LOCUS_55369.0_TRANSCRIPT_1	ID_30100	0.00	-0.15	-1.07	-0.98	-1.10	-1.10
	1.00	LOCUS_55587.0_TRANSCRIPT_1	ID_30178	0.00	0.76	-0.13	-0.05	-0.34	-0.31
	1.00	LOCUS_55769.0_TRANSCRIPT_1	ID_30233	0.00	0.10	-0.82	-0.94	-1.16	-0.68
	1.00	LOCUS_56330.0_TRANSCRIPT_1	ID_30397	0.00	0.50	-1.18	-1.02	-1.29	-1.11
	1.00	LOCUS_56423.0_TRANSCRIPT_1	ID_30422	0.00	0.16	-0.88	-0.91	-1.00	-0.95
	1.00	LOCUS_57455.0_TRANSCRIPT_1	ID_30686	0.00	-0.59	-2.19	-2.26	-2.24	-2.10
	1.00	LOCUS_5788.0_TRANSCRIPT_1	ID_30791	0.00	0.35	-1.60	-1.61	-1.65	-1.15
	1.00	LOCUS_58020.0_TRANSCRIPT_1	ID_30823	0.00	0.19	-0.98	-0.98	-0.98	-0.98
	1.00	LOCUS_60484.0_TRANSCRIPT_1	ID_31468	0.00	-0.25	-1.66	-1.81	-1.92	-1.64
	1.00	LOCUS_6068.0_TRANSCRIPT_1	ID_31523	0.00	0.84	-0.82	-1.11	-1.15	-1.19
	1.00	LOCUS_60704.0_TRANSCRIPT_1	ID_31532	0.00	0.65	-0.41	-0.30	-0.34	-0.27
	1.00	LOCUS_61257.0_TRANSCRIPT_1	ID_31658	0.00	0.38	-0.12	-0.67	-0.58	-0.59
	1.00	LOCUS_62658.0_TRANSCRIPT_1	ID_31983	0.00	0.68	-0.29	-0.43	-0.30	-0.43
	1.00	LOCUS_6284.0_TRANSCRIPT_1	ID_32015	0.00	-0.57	-2.91	-3.13	-2.96	-2.93
	1.00	LOCUS_6791.0_TRANSCRIPT_1	ID_32665	0.00	2.64	0.16	-1.01	-1.15	-0.18
	1.00	LOCUS_741.0_TRANSCRIPT_1	ID_32776	0.00	-0.43	-1.60	-1.68	-1.97	-1.28
	1.00	LOCUS_7442.0_TRANSCRIPT_1	ID_32785	0.00	2.15	-2.37	-2.74	-3.03	-2.72
	1.00	LOCUS_779.0_TRANSCRIPT_1	ID_32835	0.00	1.11	0.39	0.04	-0.00	-0.02
	1.00	LOCUS_8087.0_TRANSCRIPT_1	ID_32873	0.00	0.52	-1.17	-1.17	-0.84	-0.77
	1.00	LOCUS_8514.0_TRANSCRIPT_1	ID_32925	0.00	-0.94	-3.93	-3.95	-3.98	-3.00
	1.00	LOCUS_9372.0_TRANSCRIPT_1	ID_33038	0.00	0.89	0.01	-0.51	-0.49	-0.54
	1.00	LOCUS_9826.0_TRANSCRIPT_1	ID_33162	0.00	-0.97	-5.38	-6.00	-5.26	-5.30
	1.00	LOCUS_9928.0_TRANSCRIPT_1	ID_33214	0.00	0.86	-3.96	-4.86	-4.67	-4.71
	1.00	LOCUS_23818.0_TRANSCRIPT_1	ID_33797	0.00	0.72	-0.32	-0.37	-0.45	-0.12
	1.00	LOCUS_26382.0_TRANSCRIPT_1	ID_33874	0.00	5.67	0.07	-0.06	-0.06	-0.06
	1.00	LOCUS_40322.1_TRANSCRIPT_2	ID_34629	0.00	0.42	-0.77	-0.96	-1.02	-0.86
	1.00	LOCUS_42732.0_TRANSCRIPT_1	ID_34798	0.00	0.98	-4.10	-5.98	-4.04	-5.75
	1.00	LOCUS_42776.0_TRANSCRIPT_1	ID_34800	0.00	0.82	-1.29	-1.19	-1.38	-1.46
	1.00	LOCUS_43186.1_TRANSCRIPT_1	ID_34830	0.00	20.14	2.04	0.65	0.01	-0.05
	1.00	LOCUS_52447.0_TRANSCRIPT_1	ID_35766	0.00	1.34	-0.60	-0.76	-0.57	-0.40
	1.00	LOCUS_12709.0_TRANSCRIPT_1	ID_36693	0.00	11.53	4.00	0.62	0.31	0.20
	1.00	LOCUS_21171.0_TRANSCRIPT_1	ID_36962	0.00	1.14	0.00	0.12	0.00	0.00
	1.00	LOCUS_22199.0_TRANSCRIPT_1	ID_36996	0.00	4.67	0.16	0.07	0.00	0.00
	1.00	LOCUS_23539.0_TRANSCRIPT_1	ID_37061	0.00	5.50	0.20	0.00	0.00	0.06
	1.00	LOCUS_3298.0_TRANSCRIPT_1	ID_37385	0.00	1.19	0.00	0.00	0.00	0.00
	1.00	LOCUS_32985.0_TRANSCRIPT_1	ID_37386	0.00	6.36	0.31	0.10	0.00	0.00
	1.00	LOCUS_33888.0_TRANSCRIPT_1	ID_37422	0.00	2.17	0.21	0.00	0.00	0.00
	1.00	LOCUS_34971.0_TRANSCRIPT_1	ID_37457	0.00	1.97	0.49	0.09	0.06	0.06
	1.00	LOCUS_3568.0_TRANSCRIPT_1	ID_37480	0.00	1.23	0.11	0.00	0.00	0.00
	1.00	LOCUS_37746.0_TRANSCRIPT_2	ID_37562	0.00	1.13	0.28	0.00	0.00	0.00
	1.00	LOCUS_49754.0_TRANSCRIPT_1	ID_38164	0.00	1.94	0.03	0.00	0.00	0.00
	1.00	LOCUS_49754.0_TRANSCRIPT_3	ID_38165	0.00	2.82	0.24	0.00	0.00	0.09
	1.00	LOCUS_51010.0_TRANSCRIPT_2	ID_38244	0.00	1.53	0.14	0.23	0.39	0.03
	1.00	LOCUS_51315.1_TRANSCRIPT_3	ID_38273	0.00	1.91	0.17	0.00	0.00	0.00
	1.00	LOCUS_51315.1_TRANSCRIPT_5	ID_38275	0.00	2.30	0.40	0.05	0.00	0.00
