Gene Table for Profile 17 (0.0,-1.0,1.0,1.0,0.0,1.0)
Num. Genes Expected	Num. Genes Assigned	P-Value	Significant
1,184.0	142.9	0.00	 (significant)
-------
Selected	Weight	trascript	SPOT	avg_norm_count_0d	avg_norm_count_1d	avg_norm_count_3d	avg_norm_count_5d	avg_norm_count_7d	avg_norm_count_9d
	1.00	LOCUS_10099.0_TRANSCRIPT_1	ID_42	0.00	-3.64	-0.58	0.78	-2.35	0.90
	1.00	LOCUS_10184.0_TRANSCRIPT_1	ID_72	0.00	-2.31	1.42	0.63	-0.46	-0.08
	1.00	LOCUS_10226.0_TRANSCRIPT_1	ID_100	0.00	-0.68	2.40	2.31	2.04	3.46
	1.00	LOCUS_10262.0_TRANSCRIPT_1	ID_118	0.00	-0.02	1.06	0.95	0.14	0.77
	1.00	LOCUS_10302.0_TRANSCRIPT_1	ID_134	0.00	-0.16	2.11	1.98	0.78	2.25
	1.00	LOCUS_10483.0_TRANSCRIPT_1	ID_223	0.00	-10.35	34.40	62.23	17.83	33.28
	1.00	LOCUS_10587.0_TRANSCRIPT_1	ID_272	0.00	-0.90	1.53	1.01	-0.25	0.27
	1.00	LOCUS_10779.0_TRANSCRIPT_1	ID_355	0.00	-0.92	1.12	0.93	-0.10	0.12
	1.00	LOCUS_10883.0_TRANSCRIPT_1	ID_408	0.00	-0.29	12.71	13.40	9.82	16.02
	1.00	LOCUS_10921.0_TRANSCRIPT_1	ID_426	0.00	-0.01	1.53	0.53	0.55	1.13
	1.00	LOCUS_11030.0_TRANSCRIPT_1	ID_478	0.00	-15.48	9.81	2.96	4.05	6.14
	1.00	LOCUS_11076.0_TRANSCRIPT_1	ID_496	0.00	-29.71	6.34	-3.47	-17.93	4.82
	1.00	LOCUS_11135.1_TRANSCRIPT_1	ID_525	0.00	-19.89	-2.89	9.87	-0.84	15.12
	1.00	LOCUS_11254.0_TRANSCRIPT_1	ID_585	0.00	-1.05	0.85	0.57	-0.43	0.92
	1.00	LOCUS_11256.0_TRANSCRIPT_1	ID_586	0.00	-0.22	1.43	1.37	-0.22	0.66
	1.00	LOCUS_11258.0_TRANSCRIPT_1	ID_588	0.00	-237.10	753.92	416.58	579.74	979.08
	1.00	LOCUS_11392.0_TRANSCRIPT_1	ID_641	0.00	-12.32	2.54	1.96	-7.50	-3.10
	1.00	LOCUS_11479.0_TRANSCRIPT_1	ID_685	0.00	-0.42	1.62	1.48	0.48	1.12
	1.00	LOCUS_11539.0_TRANSCRIPT_1	ID_713	0.00	-15.49	6.06	5.73	-2.04	-1.97
	1.00	LOCUS_11695.0_TRANSCRIPT_1	ID_771	0.00	-0.41	0.09	0.72	0.09	1.06
	1.00	LOCUS_11710.0_TRANSCRIPT_1	ID_780	0.00	-0.37	2.01	2.12	0.24	1.35
	1.00	LOCUS_11751.0_TRANSCRIPT_1	ID_798	0.00	-0.87	2.43	3.22	-0.84	1.34
	1.00	LOCUS_11815.0_TRANSCRIPT_1	ID_832	0.00	-0.01	1.30	2.21	0.61	3.52
	1.00	LOCUS_11850.0_TRANSCRIPT_1	ID_849	0.00	-0.17	2.26	1.92	1.91	2.45
	1.00	LOCUS_11869.0_TRANSCRIPT_1	ID_854	0.00	-0.94	2.56	1.42	0.60	2.10
	1.00	LOCUS_11912.0_TRANSCRIPT_1	ID_873	0.00	-2.53	6.03	8.73	3.40	6.89
	1.00	LOCUS_12057.0_TRANSCRIPT_1	ID_943	0.00	-44.21	24.82	23.47	-28.22	-9.54
	1.00	LOCUS_12069.0_TRANSCRIPT_1	ID_951	0.00	-1.39	1.05	3.01	1.20	2.32
	1.00	LOCUS_12088.0_TRANSCRIPT_1	ID_962	0.00	-28.27	21.41	7.82	4.57	10.40
	1.00	LOCUS_12304.0_TRANSCRIPT_1	ID_1057	0.00	-0.01	2.01	1.77	1.13	1.47
	1.00	LOCUS_12354.0_TRANSCRIPT_1	ID_1082	0.00	-0.34	0.71	0.39	0.07	0.63
	1.00	LOCUS_12483.0_TRANSCRIPT_1	ID_1137	0.00	-1.05	5.93	7.40	2.64	6.56
	1.00	LOCUS_12511.0_TRANSCRIPT_1	ID_1149	0.00	1.33	11.59	8.35	7.04	8.64
	1.00	LOCUS_12569.0_TRANSCRIPT_1	ID_1185	0.00	-6.30	-1.38	1.56	-2.44	4.10
	1.00	LOCUS_12604.0_TRANSCRIPT_1	ID_1207	0.00	-3.04	0.87	1.29	0.49	4.24
	1.00	LOCUS_12620.0_TRANSCRIPT_1	ID_1220	0.00	-10.18	10.90	30.26	6.02	23.46
	1.00	LOCUS_12701.0_TRANSCRIPT_1	ID_1270	0.00	0.08	4.22	3.92	2.62	4.38
	1.00	LOCUS_12764.0_TRANSCRIPT_1	ID_1307	0.00	-0.51	0.20	0.66	0.14	0.29
	1.00	LOCUS_12847.0_TRANSCRIPT_1	ID_1352	0.00	-3.57	41.73	30.04	22.32	25.55
	1.00	LOCUS_12857.0_TRANSCRIPT_1	ID_1359	0.00	-2.28	1.39	0.85	-1.28	-0.01
	1.00	LOCUS_12864.0_TRANSCRIPT_1	ID_1362	0.00	-5.61	3.02	5.63	1.20	1.29
	1.00	LOCUS_12881.0_TRANSCRIPT_1	ID_1374	0.00	-0.47	3.51	5.79	3.22	6.30
	1.00	LOCUS_12889.0_TRANSCRIPT_1	ID_1379	0.00	-15.54	22.32	7.01	1.47	8.43
	1.00	LOCUS_12963.0_TRANSCRIPT_1	ID_1421	0.00	-4.97	6.74	4.24	-3.88	4.70
	1.00	LOCUS_12981.0_TRANSCRIPT_1	ID_1431	0.00	1.57	10.49	7.27	5.47	8.16
	1.00	LOCUS_13006.0_TRANSCRIPT_1	ID_1448	0.00	-4.00	6.46	3.99	1.27	6.80
	1.00	LOCUS_13067.0_TRANSCRIPT_1	ID_1474	0.00	-1.48	15.80	8.90	6.11	14.16
	1.00	LOCUS_13089.0_TRANSCRIPT_1	ID_1491	0.00	-16.85	-1.66	11.34	-6.95	21.86
	1.00	LOCUS_13141.0_TRANSCRIPT_1	ID_1524	0.00	-2.75	3.10	2.10	-2.11	0.56
	1.00	LOCUS_13142.0_TRANSCRIPT_1	ID_1525	0.00	-6.21	1.67	5.44	-1.02	9.30
	1.00	LOCUS_13188.0_TRANSCRIPT_1	ID_1553	0.00	0.01	5.40	4.38	1.61	5.34
	1.00	LOCUS_13199.0_TRANSCRIPT_1	ID_1557	0.00	-13.65	30.39	22.38	-5.83	14.46
	1.00	LOCUS_13203.0_TRANSCRIPT_1	ID_1558	0.00	-0.82	3.30	1.68	0.48	2.14
	1.00	LOCUS_13212.0_TRANSCRIPT_1	ID_1563	0.00	-4.44	5.84	11.28	4.02	7.21
	1.00	LOCUS_13270.0_TRANSCRIPT_1	ID_1577	0.00	-1.78	9.06	7.79	3.99	6.08
	1.00	LOCUS_14026.0_TRANSCRIPT_1	ID_1753	0.00	-0.34	0.55	0.37	0.44	0.84
	1.00	LOCUS_14488.0_TRANSCRIPT_1	ID_1868	0.00	0.01	4.15	3.91	2.17	3.12
	1.00	LOCUS_14509.0_TRANSCRIPT_1	ID_1874	0.00	-0.48	0.69	0.11	-0.19	0.40
	1.00	LOCUS_14603.0_TRANSCRIPT_1	ID_1900	0.00	-0.40	1.22	0.60	-0.23	1.07
	1.00	LOCUS_14909.0_TRANSCRIPT_1	ID_1983	0.00	-0.06	1.56	1.45	0.74	0.92
	1.00	LOCUS_15120.0_TRANSCRIPT_1	ID_2031	0.00	-0.35	1.85	1.26	-0.22	2.25
	1.00	LOCUS_15636.0_TRANSCRIPT_1	ID_2157	0.00	-5.92	2.91	5.48	-3.73	1.65
	1.00	LOCUS_15764.1_TRANSCRIPT_1	ID_2195	0.00	-3.07	0.94	0.49	-2.83	0.63
	1.00	LOCUS_15828.0_TRANSCRIPT_1	ID_2208	0.00	-1.61	1.07	0.93	0.70	0.85
	1.00	LOCUS_17829.0_TRANSCRIPT_1	ID_2677	0.00	-0.30	2.60	1.37	0.39	1.40
	1.00	LOCUS_17907.0_TRANSCRIPT_1	ID_2694	0.00	-0.57	0.63	-0.02	-0.29	0.24
	1.00	LOCUS_18565.0_TRANSCRIPT_1	ID_2885	0.00	-0.28	1.20	2.14	-0.28	1.88
	1.00	LOCUS_18821.0_TRANSCRIPT_1	ID_2967	0.00	-0.57	1.99	1.51	1.74	1.96
	1.00	LOCUS_19080.0_TRANSCRIPT_1	ID_3040	0.00	-0.10	0.79	0.83	0.45	0.95
	1.00	LOCUS_19160.0_TRANSCRIPT_1	ID_3062	0.00	-0.95	0.83	0.52	0.31	1.77
	1.00	LOCUS_19350.0_TRANSCRIPT_1	ID_3106	0.00	-0.03	0.80	0.97	-0.03	0.89
	1.00	LOCUS_19390.0_TRANSCRIPT_1	ID_3115	0.00	-0.52	0.30	0.15	-0.54	0.48
	1.00	LOCUS_19461.0_TRANSCRIPT_1	ID_3130	0.00	-0.60	1.48	1.08	-0.34	1.00
	1.00	LOCUS_19589.0_TRANSCRIPT_1	ID_3170	0.00	-0.25	0.24	0.70	0.19	1.16
	1.00	LOCUS_2033.0_TRANSCRIPT_1	ID_3380	0.00	-0.15	1.10	0.56	0.17	0.59
	1.00	LOCUS_20796.0_TRANSCRIPT_1	ID_3491	0.00	-0.50	0.68	0.68	-0.17	0.88
	1.00	LOCUS_21039.0_TRANSCRIPT_1	ID_3559	0.00	-7.36	80.23	83.97	47.60	85.31
	1.00	LOCUS_21078.0_TRANSCRIPT_1	ID_3569	0.00	0.44	24.65	33.59	16.56	31.96
	1.00	LOCUS_21108.0_TRANSCRIPT_1	ID_3579	0.00	0.87	19.74	29.76	8.79	32.91
	1.00	LOCUS_21234.0_TRANSCRIPT_1	ID_3635	0.00	-0.39	1.17	0.98	0.34	0.49
	1.00	LOCUS_21316.0_TRANSCRIPT_1	ID_3666	0.00	-3.79	17.24	30.63	1.76	15.58
	1.00	LOCUS_21490.0_TRANSCRIPT_1	ID_3721	0.00	-4.42	5.89	8.41	3.31	6.53
	1.00	LOCUS_21520.0_TRANSCRIPT_1	ID_3733	0.00	0.04	1.54	1.45	0.26	0.91
	1.00	LOCUS_21629.0_TRANSCRIPT_1	ID_3782	0.00	-0.13	0.94	0.61	0.29	0.91
	1.00	LOCUS_21683.1_TRANSCRIPT_1	ID_3803	0.00	-3.19	40.99	32.88	9.70	22.56
	1.00	LOCUS_21785.0_TRANSCRIPT_1	ID_3846	0.00	-1.51	2.37	1.67	-0.69	1.77
	1.00	LOCUS_21807.0_TRANSCRIPT_1	ID_3854	0.00	-4.67	20.91	16.98	11.09	13.03
	1.00	LOCUS_21831.1_TRANSCRIPT_1	ID_3867	0.00	-0.14	1.02	1.34	0.48	0.77
	1.00	LOCUS_21847.0_TRANSCRIPT_1	ID_3876	0.00	-5.36	2.33	0.07	-2.30	1.40
	1.00	LOCUS_21877.0_TRANSCRIPT_1	ID_3892	0.00	-0.18	0.57	0.87	0.35	1.02
	1.00	LOCUS_22388.0_TRANSCRIPT_1	ID_4096	0.00	-11.65	2.27	6.70	-0.40	2.82
	1.00	LOCUS_22553.0_TRANSCRIPT_1	ID_4160	0.00	-2.50	8.10	14.01	1.94	10.76
	1.00	LOCUS_22661.0_TRANSCRIPT_1	ID_4209	0.00	-2.51	277.69	145.44	95.84	235.84
	1.00	LOCUS_22698.0_TRANSCRIPT_1	ID_4227	0.00	-35.75	47.76	25.41	7.71	8.47
	1.00	LOCUS_22794.0_TRANSCRIPT_1	ID_4264	0.00	-0.31	0.63	0.39	-0.06	0.83
	1.00	LOCUS_22862.0_TRANSCRIPT_1	ID_4285	0.00	-5.56	1.64	7.33	-3.83	4.25
	1.00	LOCUS_22969.0_TRANSCRIPT_1	ID_4324	0.00	-6.12	12.74	6.99	1.93	7.69
	1.00	LOCUS_22987.0_TRANSCRIPT_1	ID_4330	0.00	-0.36	0.77	0.64	0.51	1.23
	1.00	LOCUS_23166.0_TRANSCRIPT_1	ID_4409	0.00	-18.73	1.49	5.78	4.12	5.46
	1.00	LOCUS_23661.0_TRANSCRIPT_1	ID_4590	0.00	-16.45	2.94	4.63	0.57	2.96
	1.00	LOCUS_23717.0_TRANSCRIPT_1	ID_4610	0.00	-50.42	49.12	53.11	36.00	50.21
	1.00	LOCUS_23824.1_TRANSCRIPT_1	ID_4654	0.00	-4.02	5.59	8.41	4.51	5.72
	1.00	LOCUS_24248.0_TRANSCRIPT_1	ID_4793	0.00	-0.19	0.97	0.99	0.34	0.87
	1.00	LOCUS_24291.0_TRANSCRIPT_1	ID_4810	0.00	-0.27	0.63	0.79	-0.04	0.32
	1.00	LOCUS_24330.0_TRANSCRIPT_1	ID_4818	0.00	-0.48	1.74	1.64	1.40	2.59
	1.00	LOCUS_24462.0_TRANSCRIPT_1	ID_4857	0.00	-0.50	2.37	3.47	0.96	3.92
	1.00	LOCUS_24513.0_TRANSCRIPT_1	ID_4875	0.00	-0.19	0.98	0.77	0.01	0.42
	1.00	LOCUS_24820.0_TRANSCRIPT_1	ID_4981	0.00	-1.24	-0.36	0.26	-0.56	0.50
	1.00	LOCUS_25073.0_TRANSCRIPT_1	ID_5052	0.00	-0.12	1.23	0.94	0.21	1.34
	1.00	LOCUS_25096.0_TRANSCRIPT_1	ID_5060	0.00	-1.08	1.51	0.63	-0.16	0.72
	1.00	LOCUS_25290.0_TRANSCRIPT_1	ID_5129	0.00	-1.27	1.11	1.34	1.03	1.30
	1.00	LOCUS_25329.0_TRANSCRIPT_1	ID_5143	0.00	-1.80	1.28	0.98	-1.16	0.36
	1.00	LOCUS_25367.0_TRANSCRIPT_1	ID_5163	0.00	-0.54	2.83	2.28	0.55	1.70
	1.00	LOCUS_25375.0_TRANSCRIPT_1	ID_5167	0.00	-0.35	0.74	0.47	-0.12	0.25
	1.00	LOCUS_25536.0_TRANSCRIPT_1	ID_5231	0.00	-0.24	0.76	1.40	0.06	0.80
	1.00	LOCUS_25617.0_TRANSCRIPT_1	ID_5261	0.00	-1.25	1.48	0.75	-1.03	0.25
	1.00	LOCUS_25759.0_TRANSCRIPT_1	ID_5300	0.00	-0.20	0.63	1.16	0.35	0.57
	1.00	LOCUS_26143.0_TRANSCRIPT_1	ID_5448	0.00	-0.44	0.77	0.62	0.40	1.05
	1.00	LOCUS_26291.0_TRANSCRIPT_1	ID_5497	0.00	0.05	1.24	1.38	0.17	1.45
	1.00	LOCUS_26336.0_TRANSCRIPT_1	ID_5517	0.00	-0.03	1.33	1.41	0.82	0.84
	1.00	LOCUS_26347.0_TRANSCRIPT_1	ID_5523	0.00	-0.59	-0.07	0.38	-0.05	0.90
	1.00	LOCUS_26626.0_TRANSCRIPT_1	ID_5630	0.00	-0.64	1.26	1.48	0.36	0.93
	1.00	LOCUS_26797.0_TRANSCRIPT_1	ID_5709	0.00	0.17	1.53	1.27	0.15	0.99
	1.00	LOCUS_26847.0_TRANSCRIPT_1	ID_5732	0.00	-0.10	6.53	3.40	4.39	5.85
	1.00	LOCUS_26879.0_TRANSCRIPT_1	ID_5749	0.00	-0.47	2.22	1.88	0.79	1.78
	1.00	LOCUS_26963.0_TRANSCRIPT_1	ID_5777	0.00	-14.34	68.16	38.29	7.47	37.64
	1.00	LOCUS_27057.0_TRANSCRIPT_1	ID_5812	0.00	-4.06	-0.14	4.16	0.18	2.54
	1.00	LOCUS_27067.0_TRANSCRIPT_1	ID_5816	0.00	-36.90	72.63	101.97	25.01	37.73
	1.00	LOCUS_27102.0_TRANSCRIPT_1	ID_5830	0.00	-0.99	0.92	0.42	-0.48	0.84
	1.00	LOCUS_27379.2_TRANSCRIPT_1	ID_5974	0.00	-0.17	1.83	0.88	0.64	1.62
	1.00	LOCUS_27455.0_TRANSCRIPT_1	ID_6023	0.00	-0.33	1.45	0.69	0.10	1.29
	1.00	LOCUS_27486.0_TRANSCRIPT_1	ID_6040	0.00	-16.75	14.31	32.62	-0.81	10.74
	1.00	LOCUS_27493.0_TRANSCRIPT_1	ID_6044	0.00	-0.10	1.14	0.96	0.66	0.75
	1.00	LOCUS_27561.0_TRANSCRIPT_1	ID_6079	0.00	-0.38	1.63	1.14	0.35	1.71
	1.00	LOCUS_27674.0_TRANSCRIPT_1	ID_6140	0.00	-1.69	3.31	4.54	-0.64	2.00
	1.00	LOCUS_27790.0_TRANSCRIPT_1	ID_6194	0.00	-1,066.83	-341.95	512.71	-405.51	552.87
	1.00	LOCUS_27810.0_TRANSCRIPT_1	ID_6203	0.00	-0.69	-0.08	0.44	-0.30	0.48
	1.00	LOCUS_27984.0_TRANSCRIPT_1	ID_6282	0.00	-0.35	0.15	0.38	-0.06	0.70
	1.00	LOCUS_28055.1_TRANSCRIPT_1	ID_6314	0.00	-133.65	126.86	84.50	97.50	220.24
	1.00	LOCUS_28107.0_TRANSCRIPT_1	ID_6334	0.00	-1.93	2.51	2.52	2.38	4.32
	1.00	LOCUS_28207.0_TRANSCRIPT_1	ID_6381	0.00	-0.81	0.66	0.29	-0.32	0.01
	1.00	LOCUS_28222.0_TRANSCRIPT_1	ID_6386	0.00	-0.04	1.06	0.47	0.55	0.62
	1.00	LOCUS_28255.0_TRANSCRIPT_1	ID_6404	0.00	-0.87	9.07	5.26	2.53	4.86
	1.00	LOCUS_28315.0_TRANSCRIPT_1	ID_6439	0.00	-1.57	0.99	3.46	0.32	2.44
	1.00	LOCUS_28354.0_TRANSCRIPT_1	ID_6450	0.00	0.01	1.90	1.73	1.67	1.69
	1.00	LOCUS_28498.0_TRANSCRIPT_1	ID_6516	0.00	-4.53	22.19	33.12	13.50	38.47
	1.00	LOCUS_28654.0_TRANSCRIPT_1	ID_6575	0.00	-2.75	1.39	-0.02	-0.54	0.14
	1.00	LOCUS_28757.0_TRANSCRIPT_2	ID_6631	0.00	-0.27	1.07	0.64	0.39	0.47
	1.00	LOCUS_28768.0_TRANSCRIPT_1	ID_6637	0.00	-8.57	16.21	13.84	2.82	20.74
	1.00	LOCUS_28837.0_TRANSCRIPT_1	ID_6668	0.00	-1.34	0.97	1.06	-0.44	1.35
	1.00	LOCUS_28852.0_TRANSCRIPT_1	ID_6678	0.00	-0.47	2.98	1.42	0.93	1.38
	1.00	LOCUS_28962.0_TRANSCRIPT_1	ID_6728	0.00	-0.40	0.47	0.60	0.39	0.94
	1.00	LOCUS_29039.0_TRANSCRIPT_1	ID_6754	0.00	0.10	19.18	22.69	2.31	12.61
	1.00	LOCUS_29084.0_TRANSCRIPT_1	ID_6769	0.00	-0.03	11.03	6.41	3.15	8.37
	1.00	LOCUS_29088.0_TRANSCRIPT_1	ID_6771	0.00	-1.58	1.35	1.89	-1.42	1.53
	1.00	LOCUS_29122.0_TRANSCRIPT_1	ID_6791	0.00	-0.08	5.12	3.12	0.15	3.52
	1.00	LOCUS_29153.0_TRANSCRIPT_1	ID_6812	0.00	-1.00	41.50	31.17	21.01	49.08
	1.00	LOCUS_29208.0_TRANSCRIPT_1	ID_6839	0.00	-19.18	43.84	20.67	-2.13	14.75
	1.00	LOCUS_29285.0_TRANSCRIPT_1	ID_6874	0.00	0.08	8.83	4.17	3.26	5.77
	1.00	LOCUS_29391.0_TRANSCRIPT_1	ID_6919	0.00	-0.49	0.94	0.23	0.24	0.91
	1.00	LOCUS_29393.0_TRANSCRIPT_2	ID_6920	0.00	-0.72	0.59	0.10	-0.09	0.05
	1.00	LOCUS_29418.0_TRANSCRIPT_1	ID_6931	0.00	-8.56	29.92	12.62	3.98	16.98
	1.00	LOCUS_29507.0_TRANSCRIPT_1	ID_6981	0.00	-0.66	4.33	4.98	2.22	5.52
	1.00	LOCUS_29580.0_TRANSCRIPT_1	ID_7006	0.00	-0.61	0.54	0.07	-0.03	0.42
	1.00	LOCUS_29618.0_TRANSCRIPT_1	ID_7023	0.00	-0.97	15.50	14.16	6.08	7.37
	1.00	LOCUS_29631.0_TRANSCRIPT_1	ID_7032	0.00	-0.52	0.68	0.45	-0.33	0.78
	1.00	LOCUS_29719.0_TRANSCRIPT_1	ID_7073	0.00	-13.47	47.90	15.56	25.19	35.07
	1.00	LOCUS_29737.0_TRANSCRIPT_1	ID_7081	0.00	-2.63	1.67	-0.65	-1.70	0.80
	1.00	LOCUS_29761.0_TRANSCRIPT_1	ID_7091	0.00	-0.35	0.80	0.80	-0.10	0.32
	1.00	LOCUS_29824.0_TRANSCRIPT_1	ID_7121	0.00	-2.95	4.01	8.14	0.93	10.63
	1.00	LOCUS_29851.0_TRANSCRIPT_1	ID_7134	0.00	-0.13	3.73	2.50	1.28	2.14
	1.00	LOCUS_29878.0_TRANSCRIPT_1	ID_7143	0.00	-4.56	11.11	8.31	2.87	7.20
	1.00	LOCUS_29882.0_TRANSCRIPT_1	ID_7145	0.00	-3.26	13.65	28.89	11.29	22.95
	1.00	LOCUS_29906.0_TRANSCRIPT_1	ID_7156	0.00	-44.79	52.43	45.02	7.57	51.70
	1.00	LOCUS_30028.0_TRANSCRIPT_1	ID_7220	0.00	-0.01	1.84	1.77	1.31	2.35
	1.00	LOCUS_30214.0_TRANSCRIPT_1	ID_7310	0.00	-0.96	2.81	4.60	1.15	2.43
	1.00	LOCUS_30256.0_TRANSCRIPT_1	ID_7331	0.00	-35.64	45.52	57.39	54.45	77.00
	1.00	LOCUS_30302.0_TRANSCRIPT_1	ID_7365	0.00	-0.30	1.54	1.53	-0.36	2.74
	1.00	LOCUS_30386.0_TRANSCRIPT_1	ID_7405	0.00	-0.23	0.25	0.77	0.07	1.39
	1.00	LOCUS_30402.0_TRANSCRIPT_1	ID_7416	0.00	-52.47	226.51	240.57	63.88	185.07
	1.00	LOCUS_30452.0_TRANSCRIPT_1	ID_7449	0.00	-1.16	1.64	1.55	-0.79	0.65
	1.00	LOCUS_30467.0_TRANSCRIPT_1	ID_7459	0.00	-1.00	2.85	3.86	0.82	3.23
	1.00	LOCUS_30529.0_TRANSCRIPT_1	ID_7487	0.00	-0.10	9.33	10.15	4.45	13.62
	1.00	LOCUS_30549.0_TRANSCRIPT_1	ID_7502	0.00	-0.42	0.63	0.13	-0.02	0.35
	1.00	LOCUS_30574.0_TRANSCRIPT_1	ID_7519	0.00	-0.28	3.26	3.18	0.67	1.57
	1.00	LOCUS_30598.0_TRANSCRIPT_1	ID_7536	0.00	-4.82	4.10	2.06	-0.15	1.47
	1.00	LOCUS_30627.0_TRANSCRIPT_1	ID_7552	0.00	0.02	1.17	0.80	0.44	0.71
	1.00	LOCUS_30628.0_TRANSCRIPT_1	ID_7554	0.00	-2.55	3.39	2.76	1.67	3.66
	1.00	LOCUS_30646.0_TRANSCRIPT_1	ID_7562	0.00	-0.81	4.66	2.38	2.90	3.32
	1.00	LOCUS_30647.0_TRANSCRIPT_1	ID_7563	0.00	-0.77	16.97	21.56	8.29	22.78
	1.00	LOCUS_30682.0_TRANSCRIPT_1	ID_7581	0.00	-0.31	0.84	0.54	-0.37	0.67
	1.00	LOCUS_30748.0_TRANSCRIPT_1	ID_7620	0.00	-7.21	2.49	5.44	-5.95	0.97
	1.00	LOCUS_30797.0_TRANSCRIPT_1	ID_7645	0.00	-0.25	1.26	1.07	-0.41	1.56
	1.00	LOCUS_30864.0_TRANSCRIPT_1	ID_7685	0.00	-6.87	14.33	43.20	1.55	32.82
	1.00	LOCUS_30874.0_TRANSCRIPT_1	ID_7692	0.00	-0.09	6.69	7.68	5.45	6.48
	1.00	LOCUS_30899.0_TRANSCRIPT_1	ID_7711	0.00	-0.16	2.55	3.91	2.15	3.48
	1.00	LOCUS_31024.0_TRANSCRIPT_1	ID_7776	0.00	-0.04	6.71	4.36	4.51	6.37
	1.00	LOCUS_31046.0_TRANSCRIPT_1	ID_7783	0.00	-0.15	15.07	10.75	6.34	9.09
	1.00	LOCUS_31288.1_TRANSCRIPT_1	ID_7946	0.00	-0.67	0.62	0.95	-0.46	1.68
	1.00	LOCUS_31442.0_TRANSCRIPT_1	ID_8034	0.00	-1.23	3.83	4.82	1.80	4.86
	1.00	LOCUS_31559.1_TRANSCRIPT_1	ID_8111	0.00	0.12	27.94	16.19	12.74	16.69
	1.00	LOCUS_31562.0_TRANSCRIPT_1	ID_8113	0.00	-43.62	28.00	126.48	12.87	105.69
	1.00	LOCUS_31585.0_TRANSCRIPT_1	ID_8128	0.00	-1.27	3.20	3.64	-0.16	1.98
	1.00	LOCUS_31607.0_TRANSCRIPT_1	ID_8148	0.00	-2.03	1.16	1.61	-0.57	-0.34
	1.00	LOCUS_31623.0_TRANSCRIPT_1	ID_8162	0.00	-3.19	25.70	11.91	3.62	17.17
	1.00	LOCUS_31690.0_TRANSCRIPT_1	ID_8201	0.00	-0.04	5.57	4.06	0.81	4.25
	1.00	LOCUS_31692.1_TRANSCRIPT_1	ID_8202	0.00	-0.21	1.06	0.65	0.53	0.96
	1.00	LOCUS_31697.0_TRANSCRIPT_1	ID_8205	0.00	-0.23	0.92	0.24	0.52	0.60
	1.00	LOCUS_31724.0_TRANSCRIPT_1	ID_8224	0.00	-1.43	1.19	1.34	-1.46	2.25
	1.00	LOCUS_32047.0_TRANSCRIPT_1	ID_8410	0.00	-5.35	15.30	15.47	3.56	26.49
	1.00	LOCUS_32084.0_TRANSCRIPT_1	ID_8429	0.00	-6.27	3.02	2.16	-0.26	-0.12
	1.00	LOCUS_32103.0_TRANSCRIPT_1	ID_8443	0.00	-1.71	1.95	3.56	-1.59	1.45
	1.00	LOCUS_32179.0_TRANSCRIPT_1	ID_8476	0.00	-0.32	2.32	2.04	0.39	1.55
	1.00	LOCUS_32335.0_TRANSCRIPT_1	ID_8549	0.00	-1.57	1.55	0.55	-0.92	0.43
	1.00	LOCUS_32373.0_TRANSCRIPT_2	ID_8567	0.00	-0.73	2.36	0.74	0.28	2.21
	1.00	LOCUS_32382.0_TRANSCRIPT_1	ID_8570	0.00	-0.39	4.25	3.40	2.19	2.37
	1.00	LOCUS_32396.0_TRANSCRIPT_1	ID_8580	0.00	-0.07	1.10	0.46	0.56	0.65
	1.00	LOCUS_32407.0_TRANSCRIPT_1	ID_8586	0.00	-0.97	1.33	1.58	-0.27	0.90
	1.00	LOCUS_32457.0_TRANSCRIPT_1	ID_8606	0.00	-1.28	9.50	8.78	2.82	5.12
	1.00	LOCUS_32537.0_TRANSCRIPT_1	ID_8639	0.00	-0.22	9.07	6.67	3.07	4.67
	1.00	LOCUS_32537.1_TRANSCRIPT_1	ID_8640	0.00	-1.48	9.40	6.42	2.33	6.32
	1.00	LOCUS_32655.1_TRANSCRIPT_1	ID_8707	0.00	-1.41	1.04	1.37	0.36	2.77
	1.00	LOCUS_32677.0_TRANSCRIPT_1	ID_8720	0.00	-0.20	1.25	0.75	-0.00	0.79
	1.00	LOCUS_32688.1_TRANSCRIPT_1	ID_8727	0.00	-0.50	1.72	1.66	0.96	2.14
	1.00	LOCUS_32778.0_TRANSCRIPT_1	ID_8782	0.00	-5.37	5.81	2.68	-5.12	2.00
	1.00	LOCUS_32784.0_TRANSCRIPT_1	ID_8785	0.00	-2.48	42.49	27.79	0.61	24.74
	1.00	LOCUS_32938.0_TRANSCRIPT_1	ID_8887	0.00	-1.84	10.14	6.12	2.79	4.47
	1.00	LOCUS_32947.0_TRANSCRIPT_1	ID_8894	0.00	-2.22	2.50	6.03	-1.27	3.76
	1.00	LOCUS_32988.0_TRANSCRIPT_1	ID_8916	0.00	-1.54	0.77	0.18	-0.60	-0.02
	1.00	LOCUS_33002.0_TRANSCRIPT_1	ID_8922	0.00	-0.10	1.68	0.90	0.54	1.33
	1.00	LOCUS_33132.0_TRANSCRIPT_1	ID_9004	0.00	-1.90	0.53	3.38	-1.29	2.23
	1.00	LOCUS_33138.0_TRANSCRIPT_1	ID_9008	0.00	-0.31	0.33	0.71	-0.12	0.80
	1.00	LOCUS_33161.0_TRANSCRIPT_2	ID_9022	0.00	-0.06	7.40	4.69	0.78	4.90
	1.00	LOCUS_33167.0_TRANSCRIPT_1	ID_9025	0.00	-13.98	30.05	14.18	10.41	11.51
	1.00	LOCUS_33184.0_TRANSCRIPT_1	ID_9039	0.00	-1.13	0.08	0.00	-0.92	-0.19
	1.00	LOCUS_33283.0_TRANSCRIPT_1	ID_9116	0.00	-1.90	5.51	3.12	0.78	2.01
	1.00	LOCUS_33408.0_TRANSCRIPT_1	ID_9203	0.00	-0.02	0.70	0.87	0.42	1.25
	1.00	LOCUS_33506.0_TRANSCRIPT_1	ID_9263	0.00	-0.49	0.83	0.79	0.38	1.22
	1.00	LOCUS_33551.0_TRANSCRIPT_1	ID_9290	0.00	-10.70	15.34	14.01	-6.63	6.62
	1.00	LOCUS_33552.0_TRANSCRIPT_1	ID_9291	0.00	-0.38	2.22	0.92	0.42	1.68
	1.00	LOCUS_33587.0_TRANSCRIPT_1	ID_9319	0.00	-2.87	9.13	19.69	4.29	18.03
	1.00	LOCUS_33594.1_TRANSCRIPT_1	ID_9321	0.00	-3.34	10.93	12.88	4.87	15.97
	1.00	LOCUS_33612.0_TRANSCRIPT_1	ID_9330	0.00	-8.47	3.70	5.18	-5.26	4.61
	1.00	LOCUS_33685.0_TRANSCRIPT_1	ID_9384	0.00	-0.30	1.20	1.08	0.25	1.54
	1.00	LOCUS_33720.0_TRANSCRIPT_1	ID_9407	0.00	-5.73	31.21	48.21	4.78	45.39
	1.00	LOCUS_33740.0_TRANSCRIPT_1	ID_9416	0.00	-0.65	0.99	2.49	0.49	2.14
	1.00	LOCUS_33748.0_TRANSCRIPT_1	ID_9419	0.00	-1.07	4.03	3.43	1.26	5.81
	1.00	LOCUS_33806.0_TRANSCRIPT_1	ID_9453	0.00	-13.76	51.54	105.06	37.90	71.59
	1.00	LOCUS_33827.0_TRANSCRIPT_1	ID_9471	0.00	-18.93	48.64	17.32	14.37	27.70
	1.00	LOCUS_33941.0_TRANSCRIPT_1	ID_9538	0.00	-0.63	1.59	1.49	0.55	2.16
	1.00	LOCUS_33957.0_TRANSCRIPT_1	ID_9550	0.00	-7.44	50.66	36.61	11.63	35.63
	1.00	LOCUS_34079.0_TRANSCRIPT_1	ID_9637	0.00	-0.04	2.80	3.28	1.25	3.54
	1.00	LOCUS_34104.0_TRANSCRIPT_1	ID_9658	0.00	-0.45	0.96	0.83	0.50	1.73
	1.00	LOCUS_34121.0_TRANSCRIPT_1	ID_9669	0.00	-14.72	57.71	10.33	20.32	46.15
	1.00	LOCUS_34129.0_TRANSCRIPT_1	ID_9674	0.00	-29.03	-4.99	15.64	3.88	31.41
	1.00	LOCUS_34131.0_TRANSCRIPT_1	ID_9676	0.00	-0.40	0.44	0.37	0.20	0.60
	1.00	LOCUS_34277.0_TRANSCRIPT_3	ID_9758	0.00	-9.01	-0.25	2.72	-1.69	10.54
	1.00	LOCUS_34302.0_TRANSCRIPT_1	ID_9772	0.00	-0.03	3.98	3.28	0.54	2.24
	1.00	LOCUS_34302.0_TRANSCRIPT_3	ID_9774	0.00	-5.98	13.20	10.79	2.58	3.62
	1.00	LOCUS_34336.0_TRANSCRIPT_1	ID_9800	0.00	-42.65	-3.51	26.35	13.97	25.53
	1.00	LOCUS_34369.0_TRANSCRIPT_1	ID_9824	0.00	-0.05	2.87	4.91	0.93	3.93
	1.00	LOCUS_34376.0_TRANSCRIPT_2	ID_9829	0.00	-0.29	0.77	0.39	-0.22	0.85
	1.00	LOCUS_34383.0_TRANSCRIPT_1	ID_9832	0.00	-1.16	0.65	1.61	-0.11	1.90
	1.00	LOCUS_34408.0_TRANSCRIPT_1	ID_9852	0.00	-0.39	2.42	1.17	0.49	1.43
	1.00	LOCUS_34445.0_TRANSCRIPT_3	ID_9871	0.00	-0.59	2.67	3.46	2.32	4.00
	1.00	LOCUS_34464.0_TRANSCRIPT_1	ID_9884	0.00	-0.87	2.04	4.38	0.56	2.59
	1.00	LOCUS_34493.0_TRANSCRIPT_1	ID_9909	0.00	-0.04	0.95	1.36	0.78	1.65
	1.00	LOCUS_34495.0_TRANSCRIPT_1	ID_9911	0.00	-26.36	77.30	36.93	-7.29	48.71
	1.00	LOCUS_34504.0_TRANSCRIPT_1	ID_9919	0.00	-0.21	1.45	1.68	0.09	1.26
	1.00	LOCUS_34548.0_TRANSCRIPT_1	ID_9947	0.00	-0.81	3.08	4.83	0.53	2.70
	1.00	LOCUS_34549.0_TRANSCRIPT_1	ID_9948	0.00	-0.74	0.28	0.32	-0.30	0.74
	1.00	LOCUS_34607.0_TRANSCRIPT_1	ID_9990	0.00	-2.84	34.30	14.73	7.13	32.91
	1.00	LOCUS_34614.0_TRANSCRIPT_2	ID_9996	0.00	-42.25	344.19	236.92	148.78	156.14
	1.00	LOCUS_34619.0_TRANSCRIPT_1	ID_10000	0.00	-0.47	0.46	0.51	-0.24	1.04
	1.00	LOCUS_34620.0_TRANSCRIPT_1	ID_10002	0.00	-4.54	1.07	2.15	1.97	2.55
	1.00	LOCUS_34621.0_TRANSCRIPT_1	ID_10003	0.00	-1.21	2.24	1.38	0.94	3.47
	1.00	LOCUS_34695.0_TRANSCRIPT_1	ID_10057	0.00	-1.72	2.16	0.98	-0.92	0.75
	1.00	LOCUS_34710.0_TRANSCRIPT_1	ID_10067	0.00	-5.18	11.68	5.86	-4.96	6.69
	1.00	LOCUS_34947.0_TRANSCRIPT_1	ID_10219	0.00	-7.82	18.48	23.55	3.13	21.82
	1.00	LOCUS_34962.0_TRANSCRIPT_1	ID_10230	0.00	-17.34	86.66	42.54	50.92	95.45
	1.00	LOCUS_34984.0_TRANSCRIPT_1	ID_10247	0.00	-0.38	1.22	1.20	0.64	2.05
	1.00	LOCUS_34996.0_TRANSCRIPT_1	ID_10256	0.00	-1.33	0.34	0.78	-0.42	1.61
	1.00	LOCUS_35067.0_TRANSCRIPT_1	ID_10307	0.00	-2.51	4.35	1.37	0.61	2.43
	1.00	LOCUS_35094.0_TRANSCRIPT_1	ID_10331	0.00	-1.72	7.61	12.02	3.85	9.36
	1.00	LOCUS_35195.0_TRANSCRIPT_1	ID_10392	0.00	-0.32	3.48	2.55	0.86	2.20
	1.00	LOCUS_35270.0_TRANSCRIPT_1	ID_10443	0.00	-1.15	1.75	1.06	0.32	1.59
	1.00	LOCUS_35282.0_TRANSCRIPT_2	ID_10451	0.00	-0.06	4.32	2.45	1.35	2.54
	1.00	LOCUS_35325.1_TRANSCRIPT_1	ID_10479	0.00	-0.22	0.88	1.76	0.62	1.81
	1.00	LOCUS_35370.0_TRANSCRIPT_1	ID_10511	0.00	-0.09	1.25	1.19	0.49	1.31
	1.00	LOCUS_35377.0_TRANSCRIPT_1	ID_10517	0.00	-0.36	4.06	4.22	1.24	6.73
	1.00	LOCUS_35491.0_TRANSCRIPT_1	ID_10607	0.00	-0.44	0.89	0.78	0.54	0.61
	1.00	LOCUS_35492.0_TRANSCRIPT_1	ID_10608	0.00	-17.83	5.62	9.67	-8.26	2.36
	1.00	LOCUS_35539.0_TRANSCRIPT_1	ID_10639	0.00	-0.93	1.09	0.91	-0.04	0.06
	1.00	LOCUS_35574.0_TRANSCRIPT_1	ID_10664	0.00	-2.85	2.51	5.36	1.35	4.42
	1.00	LOCUS_35575.0_TRANSCRIPT_2	ID_10666	0.00	-0.61	0.35	0.19	-0.49	0.41
	1.00	LOCUS_35593.0_TRANSCRIPT_1	ID_10680	0.00	-24.91	11.46	26.58	15.00	22.25
	1.00	LOCUS_356.0_TRANSCRIPT_1	ID_10685	0.00	-0.15	1.23	0.47	0.63	0.92
	1.00	LOCUS_35662.0_TRANSCRIPT_1	ID_10747	0.00	-0.03	5.61	7.08	3.87	9.12
	1.00	LOCUS_35670.0_TRANSCRIPT_1	ID_10755	0.00	-1.12	2.92	1.75	-0.72	3.57
	1.00	LOCUS_35701.0_TRANSCRIPT_1	ID_10780	0.00	-0.37	1.45	0.69	0.46	1.76
	1.00	LOCUS_35724.0_TRANSCRIPT_1	ID_10799	0.00	-0.67	0.82	0.60	-0.83	0.32
	1.00	LOCUS_35776.0_TRANSCRIPT_1	ID_10840	0.00	-1.52	0.28	1.28	-0.24	0.43
	1.00	LOCUS_35806.0_TRANSCRIPT_1	ID_10867	0.00	-5.67	5.48	7.27	5.42	11.15
	1.00	LOCUS_35915.0_TRANSCRIPT_1	ID_10960	0.00	-4.79	58.80	37.59	27.72	39.28
	1.00	LOCUS_35936.0_TRANSCRIPT_3	ID_10981	0.00	-0.23	44.39	32.75	0.57	50.45
	1.00	LOCUS_35978.0_TRANSCRIPT_1	ID_11017	0.00	-18.44	72.84	28.99	31.07	46.77
	1.00	LOCUS_35996.0_TRANSCRIPT_2	ID_11030	0.00	-1.98	1.75	0.01	-1.31	0.87
	1.00	LOCUS_36025.0_TRANSCRIPT_3	ID_11059	0.00	-0.01	1.66	1.19	0.13	1.05
	1.00	LOCUS_36039.0_TRANSCRIPT_1	ID_11070	0.00	-0.25	14.48	8.31	2.50	11.87
	1.00	LOCUS_36044.0_TRANSCRIPT_1	ID_11073	0.00	-413.89	353.02	194.49	104.17	433.44
	1.00	LOCUS_36086.0_TRANSCRIPT_1	ID_11105	0.00	-94.08	82.27	59.26	-55.08	15.78
	1.00	LOCUS_36099.0_TRANSCRIPT_1	ID_11117	0.00	-0.80	1.51	0.39	-0.10	1.30
	1.00	LOCUS_36163.0_TRANSCRIPT_1	ID_11173	0.00	-0.89	0.67	0.62	-0.54	0.45
	1.00	LOCUS_36228.0_TRANSCRIPT_1	ID_11220	0.00	-0.60	1.34	0.69	0.02	0.65
	1.00	LOCUS_36240.1_TRANSCRIPT_2	ID_11231	0.00	-0.70	18.25	9.57	3.13	13.25
	1.00	LOCUS_36240.1_TRANSCRIPT_3	ID_11232	0.00	-1.12	2.41	4.17	-0.54	4.06
	1.00	LOCUS_36252.1_TRANSCRIPT_2	ID_11244	0.00	-0.04	1.13	1.05	0.06	0.69
	1.00	LOCUS_36258.0_TRANSCRIPT_1	ID_11248	0.00	-0.36	1.62	3.01	0.18	2.18
	1.00	LOCUS_36269.0_TRANSCRIPT_1	ID_11255	0.00	-5.28	1.96	5.81	1.90	10.38
	1.00	LOCUS_36272.0_TRANSCRIPT_1	ID_11256	0.00	-52.94	16.87	31.16	-10.36	4.57
	1.00	LOCUS_36287.0_TRANSCRIPT_1	ID_11269	0.00	-14.41	9.84	28.01	1.93	7.51
	1.00	LOCUS_36351.0_TRANSCRIPT_1	ID_11325	0.00	-11.96	16.05	17.70	-9.02	18.60
	1.00	LOCUS_36375.0_TRANSCRIPT_1	ID_11345	0.00	3.46	33.65	31.75	8.01	40.11
	1.00	LOCUS_36471.0_TRANSCRIPT_1	ID_11416	0.00	-0.08	6.96	5.33	2.35	5.27
	1.00	LOCUS_36475.0_TRANSCRIPT_1	ID_11419	0.00	-7.71	41.93	31.33	16.94	32.31
	1.00	LOCUS_36538.0_TRANSCRIPT_1	ID_11460	0.00	-2.89	-1.00	1.54	-1.48	2.31
	1.00	LOCUS_36562.0_TRANSCRIPT_1	ID_11482	0.00	-13.85	1.72	15.22	2.32	8.62
	1.00	LOCUS_36576.0_TRANSCRIPT_1	ID_11494	0.00	-0.40	21.07	22.54	12.32	17.42
	1.00	LOCUS_36624.0_TRANSCRIPT_1	ID_11530	0.00	-0.56	1.78	3.03	-0.31	3.25
	1.00	LOCUS_36638.0_TRANSCRIPT_1	ID_11539	0.00	-2.41	27.47	62.57	18.07	49.43
	1.00	LOCUS_36644.0_TRANSCRIPT_1	ID_11545	0.00	-0.18	1.53	0.90	0.21	0.78
	1.00	LOCUS_36668.0_TRANSCRIPT_1	ID_11565	0.00	-0.23	5.22	5.13	0.75	3.63
	1.00	LOCUS_36718.0_TRANSCRIPT_3	ID_11602	0.00	-2.35	11.96	10.26	3.11	8.38
	1.00	LOCUS_36797.0_TRANSCRIPT_1	ID_11667	0.00	-5.59	12.36	4.75	-2.75	7.16
	1.00	LOCUS_36870.0_TRANSCRIPT_2	ID_11724	0.00	-0.97	0.50	0.23	0.13	0.53
	1.00	LOCUS_36871.0_TRANSCRIPT_1	ID_11725	0.00	1.46	45.32	30.14	27.29	43.99
	1.00	LOCUS_36875.0_TRANSCRIPT_1	ID_11727	0.00	-0.40	2.94	2.93	1.44	4.22
	1.00	LOCUS_36885.0_TRANSCRIPT_1	ID_11734	0.00	-1.38	0.74	0.99	-0.31	0.65
	1.00	LOCUS_36901.0_TRANSCRIPT_5	ID_11745	0.00	-7.35	6.54	11.90	-1.06	3.49
	1.00	LOCUS_36936.0_TRANSCRIPT_4	ID_11772	0.00	-0.16	3.98	2.94	0.61	2.92
	1.00	LOCUS_36949.0_TRANSCRIPT_1	ID_11780	0.00	-0.52	0.42	0.61	0.04	0.36
	1.00	LOCUS_36992.0_TRANSCRIPT_1	ID_11816	0.00	-0.16	1.09	0.62	0.31	0.72
	1.00	LOCUS_37151.0_TRANSCRIPT_1	ID_11937	0.00	-0.88	3.00	1.81	0.29	2.88
	1.00	LOCUS_37157.1_TRANSCRIPT_2	ID_11942	0.00	-0.10	2.56	1.80	-0.10	1.71
	1.00	LOCUS_37327.0_TRANSCRIPT_1	ID_12084	0.00	-0.45	0.54	0.47	-0.52	0.26
	1.00	LOCUS_37381.0_TRANSCRIPT_1	ID_12131	0.00	-2.70	5.87	5.10	0.97	1.62
	1.00	LOCUS_37403.0_TRANSCRIPT_1	ID_12144	0.00	-0.29	1.85	0.64	1.29	1.55
	1.00	LOCUS_37412.0_TRANSCRIPT_1	ID_12151	0.00	-0.52	0.21	0.35	-0.21	0.48
	1.00	LOCUS_37441.0_TRANSCRIPT_2	ID_12178	0.00	-10.46	2.83	4.96	1.43	6.21
	1.00	LOCUS_37531.0_TRANSCRIPT_1	ID_12244	0.00	-16.15	6.62	13.39	-3.17	14.44
	1.00	LOCUS_37568.0_TRANSCRIPT_1	ID_12268	0.00	-4.38	20.33	26.03	11.55	21.31
	1.00	LOCUS_37632.0_TRANSCRIPT_1	ID_12333	0.00	-4.98	13.08	4.38	-0.35	7.95
	1.00	LOCUS_37647.0_TRANSCRIPT_1	ID_12344	0.00	-11.27	17.74	4.58	-2.42	11.32
	1.00	LOCUS_37748.0_TRANSCRIPT_1	ID_12424	0.00	-8.63	4.40	7.87	0.18	6.47
	1.00	LOCUS_37777.0_TRANSCRIPT_1	ID_12445	0.00	-2.66	1.92	1.99	-2.88	2.99
	1.00	LOCUS_37867.0_TRANSCRIPT_3	ID_12517	0.00	-0.49	0.47	0.64	0.46	0.58
	1.00	LOCUS_37887.0_TRANSCRIPT_1	ID_12532	0.00	-8.55	19.42	9.63	4.04	9.85
	1.00	LOCUS_37915.0_TRANSCRIPT_3	ID_12555	0.00	-0.81	1.28	1.23	0.42	1.21
	1.00	LOCUS_37921.0_TRANSCRIPT_1	ID_12561	0.00	-0.93	2.72	1.01	0.89	1.38
	1.00	LOCUS_37927.0_TRANSCRIPT_1	ID_12564	0.00	-0.38	2.79	2.78	0.45	3.10
	1.00	LOCUS_37967.0_TRANSCRIPT_1	ID_12592	0.00	-10.37	7.04	5.53	-10.37	6.32
	1.00	LOCUS_37987.0_TRANSCRIPT_1	ID_12612	0.00	-17.82	1.96	7.75	-10.65	13.18
	1.00	LOCUS_38024.0_TRANSCRIPT_1	ID_12649	0.00	-36.16	28.14	9.41	-14.93	2.87
	1.00	LOCUS_38089.1_TRANSCRIPT_1	ID_12700	0.00	-18.72	27.32	26.37	-4.98	30.81
	1.00	LOCUS_38129.0_TRANSCRIPT_1	ID_12735	0.00	-45.45	20.25	-0.32	-6.28	16.94
	1.00	LOCUS_38168.0_TRANSCRIPT_1	ID_12768	0.00	-0.13	4.20	3.12	0.26	3.64
	1.00	LOCUS_38206.1_TRANSCRIPT_1	ID_12810	0.00	-1.69	1.27	1.48	0.31	2.36
	1.00	LOCUS_38208.1_TRANSCRIPT_2	ID_12812	0.00	-0.66	10.53	8.88	1.63	5.75
	1.00	LOCUS_38265.1_TRANSCRIPT_1	ID_12871	0.00	-0.04	1.17	0.89	0.35	0.97
	1.00	LOCUS_38272.0_TRANSCRIPT_1	ID_12874	0.00	-0.04	2.57	1.44	0.26	2.06
	1.00	LOCUS_38290.0_TRANSCRIPT_1	ID_12888	0.00	-0.76	0.70	-0.04	-0.21	0.83
	1.00	LOCUS_38358.0_TRANSCRIPT_2	ID_12952	0.00	-1.31	3.95	5.31	2.14	4.59
	1.00	LOCUS_38372.0_TRANSCRIPT_1	ID_12965	0.00	-0.10	1.15	1.01	0.58	1.15
	1.00	LOCUS_38435.0_TRANSCRIPT_1	ID_13012	0.00	-0.26	0.77	0.22	0.05	0.42
	1.00	LOCUS_38512.0_TRANSCRIPT_3	ID_13080	0.00	-0.31	0.67	0.88	0.29	1.43
	1.00	LOCUS_38523.0_TRANSCRIPT_1	ID_13089	0.00	-0.38	0.41	0.40	-0.12	0.66
	1.00	LOCUS_38591.0_TRANSCRIPT_1	ID_13138	0.00	-0.25	0.75	0.24	0.16	0.79
	1.00	LOCUS_38605.0_TRANSCRIPT_1	ID_13152	0.00	-9.06	402.74	552.77	199.07	424.91
	1.00	LOCUS_38658.0_TRANSCRIPT_1	ID_13193	0.00	-4.86	7.86	10.13	4.50	15.30
	1.00	LOCUS_38660.0_TRANSCRIPT_1	ID_13195	0.00	-28.77	28.58	22.87	-10.10	23.15
	1.00	LOCUS_38849.0_TRANSCRIPT_1	ID_13359	0.00	-0.37	1.30	0.89	0.46	0.86
	1.00	LOCUS_38901.0_TRANSCRIPT_1	ID_13408	0.00	-23.22	11.10	17.21	17.71	22.69
	1.00	LOCUS_38930.0_TRANSCRIPT_3	ID_13435	0.00	-0.71	3.65	1.72	0.98	1.64
	1.00	LOCUS_39008.0_TRANSCRIPT_1	ID_13499	0.00	-0.39	2.52	2.85	-0.15	1.41
	1.00	LOCUS_39049.0_TRANSCRIPT_1	ID_13535	0.00	0.27	84.27	36.80	31.83	52.68
	1.00	LOCUS_39081.0_TRANSCRIPT_1	ID_13567	0.00	-12.39	26.57	19.72	-0.78	8.63
	1.00	LOCUS_39187.0_TRANSCRIPT_1	ID_13663	0.00	-3.42	20.83	18.80	12.22	17.60
	1.00	LOCUS_39201.0_TRANSCRIPT_1	ID_13678	0.00	-0.04	16.21	18.83	4.17	12.62
	1.00	LOCUS_39235.0_TRANSCRIPT_1	ID_13709	0.00	-17.47	-0.35	3.40	-10.14	1.02
	1.00	LOCUS_39250.0_TRANSCRIPT_1	ID_13724	0.00	-1.80	0.08	1.40	0.70	1.81
	1.00	LOCUS_39271.0_TRANSCRIPT_1	ID_13747	0.00	-3.75	4.68	4.18	-0.10	2.17
	1.00	LOCUS_39290.0_TRANSCRIPT_1	ID_13766	0.00	-4.03	1.36	0.64	-1.36	-0.04
	1.00	LOCUS_39306.0_TRANSCRIPT_1	ID_13778	0.00	-0.83	3.99	9.82	2.15	10.15
	1.00	LOCUS_39356.0_TRANSCRIPT_1	ID_13818	0.00	-1.73	5.42	2.90	-0.18	2.17
	1.00	LOCUS_39356.1_TRANSCRIPT_2	ID_13820	0.00	-0.86	5.04	1.48	1.37	2.69
	1.00	LOCUS_39357.0_TRANSCRIPT_1	ID_13821	0.00	-1.64	3.90	4.70	0.39	2.22
	1.00	LOCUS_39375.0_TRANSCRIPT_1	ID_13842	0.00	-0.79	4.02	3.73	0.34	2.43
	1.00	LOCUS_39385.0_TRANSCRIPT_1	ID_13852	0.00	-1.34	7.76	10.63	6.12	6.31
	1.00	LOCUS_39405.0_TRANSCRIPT_1	ID_13870	0.00	-70.56	85.84	8.43	20.50	58.46
	1.00	LOCUS_39416.0_TRANSCRIPT_2	ID_13883	0.00	-0.32	0.64	1.24	0.28	1.44
	1.00	LOCUS_39450.0_TRANSCRIPT_1	ID_13910	0.00	-1.11	0.46	0.95	-0.19	0.81
	1.00	LOCUS_39497.2_TRANSCRIPT_1	ID_13948	0.00	0.03	6.55	6.98	2.19	6.60
	1.00	LOCUS_39561.0_TRANSCRIPT_1	ID_14006	0.00	-1.11	1.90	1.57	-1.47	0.84
	1.00	LOCUS_39563.1_TRANSCRIPT_1	ID_14009	0.00	-6.01	6.19	4.69	1.39	9.28
	1.00	LOCUS_39588.0_TRANSCRIPT_1	ID_14036	0.00	5.15	123.60	89.22	92.70	120.01
	1.00	LOCUS_39606.0_TRANSCRIPT_2	ID_14058	0.00	-8.84	22.98	15.72	6.78	15.76
	1.00	LOCUS_39618.0_TRANSCRIPT_5	ID_14071	0.00	-0.23	0.79	0.42	-0.26	0.67
	1.00	LOCUS_39684.0_TRANSCRIPT_1	ID_14130	0.00	-0.25	16.77	18.14	2.49	10.77
	1.00	LOCUS_39684.0_TRANSCRIPT_2	ID_14131	0.00	-0.24	10.67	8.44	2.06	9.01
	1.00	LOCUS_39705.0_TRANSCRIPT_1	ID_14148	0.00	-1.29	7.48	8.73	2.61	8.98
	1.00	LOCUS_39716.0_TRANSCRIPT_2	ID_14157	0.00	-5.26	5.69	0.35	-1.59	2.18
	1.00	LOCUS_39759.0_TRANSCRIPT_1	ID_14191	0.00	0.05	9.58	9.96	4.09	5.18
	1.00	LOCUS_39776.0_TRANSCRIPT_1	ID_14209	0.00	-1.66	1.11	0.95	0.01	1.78
	1.00	LOCUS_39816.0_TRANSCRIPT_1	ID_14244	0.00	-2.38	4.52	6.14	2.50	4.61
	1.00	LOCUS_39837.0_TRANSCRIPT_1	ID_14262	0.00	-9.90	12.89	21.02	-2.02	14.25
	1.00	LOCUS_39885.1_TRANSCRIPT_1	ID_14306	0.00	-1.32	1.61	2.09	-0.52	0.33
	1.00	LOCUS_39942.0_TRANSCRIPT_1	ID_14350	0.00	-6.07	5.30	2.22	-5.08	1.36
	1.00	LOCUS_39962.1_TRANSCRIPT_2	ID_14371	0.00	-0.16	1.45	0.81	0.94	1.08
	1.00	LOCUS_39978.0_TRANSCRIPT_2	ID_14385	0.00	-6.12	1.17	1.21	-4.38	0.09
	1.00	LOCUS_40015.0_TRANSCRIPT_1	ID_14409	0.00	-1.33	22.53	17.84	8.26	10.90
	1.00	LOCUS_40034.0_TRANSCRIPT_1	ID_14433	0.00	-1.96	1.13	1.14	-1.06	0.40
	1.00	LOCUS_40063.0_TRANSCRIPT_1	ID_14457	0.00	-0.22	13.88	6.00	5.94	8.03
	1.00	LOCUS_40064.0_TRANSCRIPT_1	ID_14458	0.00	-5.13	55.34	34.99	21.10	27.23
	1.00	LOCUS_40065.0_TRANSCRIPT_1	ID_14459	0.00	-4.18	15.82	12.13	4.50	9.69
	1.00	LOCUS_40089.0_TRANSCRIPT_1	ID_14479	0.00	-2.87	3.52	4.33	0.88	2.12
	1.00	LOCUS_40181.0_TRANSCRIPT_1	ID_14566	0.00	-15.23	6.21	9.36	-3.47	20.13
	1.00	LOCUS_40188.1_TRANSCRIPT_1	ID_14573	0.00	-9.49	78.06	41.92	27.34	38.15
	1.00	LOCUS_40204.0_TRANSCRIPT_1	ID_14587	0.00	-0.75	5.00	7.35	2.70	5.02
	1.00	LOCUS_40206.2_TRANSCRIPT_1	ID_14591	0.00	-2.01	14.76	22.01	15.70	16.40
	1.00	LOCUS_40212.0_TRANSCRIPT_1	ID_14597	0.00	-4.26	38.52	20.77	18.74	27.73
	1.00	LOCUS_40282.0_TRANSCRIPT_1	ID_14655	0.00	-0.59	1.30	1.09	0.54	1.35
	1.00	LOCUS_40294.0_TRANSCRIPT_1	ID_14667	0.00	-0.38	0.39	0.56	-0.23	0.98
	1.00	LOCUS_40302.0_TRANSCRIPT_1	ID_14676	0.00	-0.60	0.93	0.48	-0.81	1.07
	1.00	LOCUS_40386.0_TRANSCRIPT_1	ID_14757	0.00	-1.17	0.76	2.91	-0.63	1.26
	1.00	LOCUS_40400.0_TRANSCRIPT_1	ID_14773	0.00	-0.15	2.81	3.45	-0.15	5.45
	1.00	LOCUS_40421.0_TRANSCRIPT_1	ID_14790	0.00	0.02	1.43	1.78	0.64	1.34
	1.00	LOCUS_40449.0_TRANSCRIPT_1	ID_14813	0.00	-3.62	6.82	5.06	2.04	4.75
	1.00	LOCUS_40454.0_TRANSCRIPT_1	ID_14819	0.00	-6.06	21.30	6.88	7.46	12.99
	1.00	LOCUS_40465.0_TRANSCRIPT_1	ID_14834	0.00	-1.79	2.01	2.49	-0.95	3.08
	1.00	LOCUS_40467.0_TRANSCRIPT_1	ID_14835	0.00	-5.26	1.95	1.56	-3.89	1.66
	1.00	LOCUS_40485.0_TRANSCRIPT_1	ID_14849	0.00	-4.16	-0.44	1.78	-0.41	2.54
	1.00	LOCUS_40503.0_TRANSCRIPT_1	ID_14862	0.00	-18.63	8.82	4.86	-9.12	11.61
	1.00	LOCUS_40520.0_TRANSCRIPT_1	ID_14880	0.00	-0.59	5.46	4.47	1.93	5.12
	1.00	LOCUS_40543.0_TRANSCRIPT_1	ID_14907	0.00	-11.43	17.86	8.43	-4.75	3.31
	1.00	LOCUS_40573.0_TRANSCRIPT_1	ID_14934	0.00	-39.84	636.68	583.53	352.34	422.70
	1.00	LOCUS_40605.0_TRANSCRIPT_1	ID_14975	0.00	-0.52	7.17	4.92	3.64	5.14
	1.00	LOCUS_40615.0_TRANSCRIPT_1	ID_14984	0.00	-0.90	3.19	4.54	0.08	2.73
	1.00	LOCUS_40621.0_TRANSCRIPT_1	ID_14994	0.00	-0.10	4.90	2.67	2.90	3.52
	1.00	LOCUS_40629.0_TRANSCRIPT_1	ID_15004	0.00	-0.15	1.52	1.39	0.21	1.16
	1.00	LOCUS_40635.0_TRANSCRIPT_2	ID_15006	0.00	-0.36	21.85	18.28	6.60	21.46
	1.00	LOCUS_40675.0_TRANSCRIPT_1	ID_15052	0.00	-0.56	2.00	2.31	0.33	1.86
	1.00	LOCUS_40676.0_TRANSCRIPT_8	ID_15057	0.00	-0.37	0.39	0.73	-0.26	0.36
	1.00	LOCUS_40696.0_TRANSCRIPT_1	ID_15077	0.00	-0.67	1.67	0.55	0.01	1.53
	1.00	LOCUS_40704.0_TRANSCRIPT_1	ID_15083	0.00	-0.51	6.07	4.68	0.76	3.78
	1.00	LOCUS_40717.0_TRANSCRIPT_1	ID_15097	0.00	-0.13	0.92	1.65	0.15	1.36
	1.00	LOCUS_40723.0_TRANSCRIPT_1	ID_15103	0.00	-1.25	-0.09	0.52	-0.17	0.14
	1.00	LOCUS_40798.0_TRANSCRIPT_1	ID_15171	0.00	-0.22	4.08	7.49	0.45	9.03
	1.00	LOCUS_40812.0_TRANSCRIPT_2	ID_15188	0.00	-0.09	2.24	2.20	0.16	1.17
	1.00	LOCUS_40842.0_TRANSCRIPT_1	ID_15221	0.00	-4.16	0.44	1.62	-3.48	2.09
	1.00	LOCUS_40864.0_TRANSCRIPT_1	ID_15238	0.00	-32.27	39.40	83.80	33.82	44.73
	1.00	LOCUS_40875.1_TRANSCRIPT_1	ID_15248	0.00	-0.85	1.10	0.81	0.49	2.42
	1.00	LOCUS_40907.0_TRANSCRIPT_1	ID_15283	0.00	0.22	18.31	16.17	2.91	17.48
	1.00	LOCUS_40921.0_TRANSCRIPT_1	ID_15296	0.00	-0.46	4.80	6.10	-0.45	7.51
	1.00	LOCUS_40927.0_TRANSCRIPT_1	ID_15302	0.00	-0.09	2.33	1.08	0.33	1.51
	1.00	LOCUS_40932.0_TRANSCRIPT_1	ID_15309	0.00	-0.05	1.35	2.27	0.60	1.65
	1.00	LOCUS_40937.1_TRANSCRIPT_1	ID_15314	0.00	-0.03	2.28	0.93	0.68	1.40
	1.00	LOCUS_40943.0_TRANSCRIPT_1	ID_15318	0.00	-0.70	41.18	52.67	24.59	65.02
	1.00	LOCUS_40953.0_TRANSCRIPT_1	ID_15328	0.00	-131.57	130.92	73.31	15.87	40.92
	1.00	LOCUS_40970.0_TRANSCRIPT_1	ID_15341	0.00	-3.57	4.81	-0.52	-0.21	1.67
	1.00	LOCUS_40975.1_TRANSCRIPT_2	ID_15348	0.00	-0.06	7.51	5.92	4.62	6.90
	1.00	LOCUS_40977.0_TRANSCRIPT_1	ID_15349	0.00	-39.15	82.97	36.49	21.67	46.19
	1.00	LOCUS_41026.1_TRANSCRIPT_1	ID_15400	0.00	-0.86	13.48	19.44	11.14	17.91
	1.00	LOCUS_41038.1_TRANSCRIPT_1	ID_15412	0.00	-13.51	19.82	22.61	5.13	17.01
	1.00	LOCUS_41080.0_TRANSCRIPT_1	ID_15446	0.00	-1.01	2.32	1.25	-0.17	2.91
	1.00	LOCUS_41130.0_TRANSCRIPT_1	ID_15478	0.00	-0.43	1.36	1.97	0.00	2.90
	1.00	LOCUS_41158.0_TRANSCRIPT_1	ID_15500	0.00	-2.53	2.03	5.12	2.96	6.30
	1.00	LOCUS_41190.0_TRANSCRIPT_1	ID_15531	0.00	-6.74	17.82	7.46	8.92	13.86
	1.00	LOCUS_41220.0_TRANSCRIPT_2	ID_15559	0.00	-1.19	1.30	2.35	0.44	3.12
	1.00	LOCUS_41278.0_TRANSCRIPT_2	ID_15615	0.00	-2.52	48.87	72.81	13.87	39.94
	1.00	LOCUS_41294.0_TRANSCRIPT_1	ID_15633	0.00	-4.08	-1.28	2.82	-0.74	4.10
	1.00	LOCUS_41318.0_TRANSCRIPT_1	ID_15654	0.00	-0.35	1.95	1.41	0.18	1.17
	1.00	LOCUS_41330.1_TRANSCRIPT_1	ID_15669	0.00	-1.58	4.29	4.11	1.53	2.65
	1.00	LOCUS_41339.1_TRANSCRIPT_1	ID_15675	0.00	-0.15	1.02	0.76	0.11	0.92
	1.00	LOCUS_41369.0_TRANSCRIPT_1	ID_15699	0.00	-0.00	0.65	0.87	0.32	1.06
	1.00	LOCUS_41369.2_TRANSCRIPT_1	ID_15701	0.00	-0.25	1.44	3.47	0.88	3.73
	1.00	LOCUS_41369.2_TRANSCRIPT_2	ID_15702	0.00	-0.25	0.21	0.71	0.25	0.97
	1.00	LOCUS_41372.1_TRANSCRIPT_1	ID_15703	0.00	0.08	7.03	6.04	1.33	9.07
	1.00	LOCUS_41416.0_TRANSCRIPT_1	ID_15742	0.00	-23.91	49.23	19.98	12.82	25.09
	1.00	LOCUS_41434.0_TRANSCRIPT_1	ID_15762	0.00	-0.63	0.74	0.97	-0.01	0.90
	1.00	LOCUS_41445.0_TRANSCRIPT_1	ID_15774	0.00	-0.92	2.76	1.30	0.63	2.64
	1.00	LOCUS_41524.0_TRANSCRIPT_15	ID_15858	0.00	-0.57	6.17	3.28	2.80	5.27
	1.00	LOCUS_41529.1_TRANSCRIPT_1	ID_15861	0.00	-5.18	3.43	4.26	-2.84	0.43
	1.00	LOCUS_41531.0_TRANSCRIPT_1	ID_15863	0.00	-10.91	6.91	6.78	-2.72	3.41
	1.00	LOCUS_41545.0_TRANSCRIPT_1	ID_15874	0.00	0.19	8.13	5.94	0.72	5.38
	1.00	LOCUS_41612.0_TRANSCRIPT_2	ID_15941	0.00	-5.13	16.52	7.84	-2.22	8.26
	1.00	LOCUS_41614.0_TRANSCRIPT_1	ID_15943	0.00	-3.45	2.39	4.24	-2.35	6.27
	1.00	LOCUS_41665.1_TRANSCRIPT_1	ID_15996	0.00	-0.74	1.40	1.01	0.56	1.80
	1.00	LOCUS_41696.0_TRANSCRIPT_1	ID_16027	0.00	-55.26	206.48	118.80	50.66	119.29
	1.00	LOCUS_41700.0_TRANSCRIPT_1	ID_16032	0.00	-1.82	0.37	0.86	0.48	0.87
	1.00	LOCUS_41702.0_TRANSCRIPT_1	ID_16036	0.00	-19.94	13.56	14.55	4.34	9.81
	1.00	LOCUS_41721.0_TRANSCRIPT_1	ID_16058	0.00	-2.28	1.74	2.44	0.33	2.74
	1.00	LOCUS_41728.0_TRANSCRIPT_1	ID_16068	0.00	-7.22	7.15	3.96	-3.94	1.15
	1.00	LOCUS_41748.0_TRANSCRIPT_1	ID_16087	0.00	-0.63	1.29	1.42	-0.34	0.81
	1.00	LOCUS_41749.0_TRANSCRIPT_1	ID_16088	0.00	-4.29	15.91	15.84	1.02	9.34
	1.00	LOCUS_41749.0_TRANSCRIPT_2	ID_16089	0.00	-2.42	2.71	3.76	-0.68	3.81
	1.00	LOCUS_41813.1_TRANSCRIPT_1	ID_16150	0.00	-0.90	1.54	0.35	-0.40	1.01
	1.00	LOCUS_41823.0_TRANSCRIPT_1	ID_16162	0.00	-0.31	50.80	84.44	20.56	69.43
	1.00	LOCUS_41823.0_TRANSCRIPT_2	ID_16163	0.00	-0.39	28.90	55.99	16.37	52.07
	1.00	LOCUS_41853.0_TRANSCRIPT_1	ID_16193	0.00	-0.59	3.90	2.40	2.16	5.20
	1.00	LOCUS_41885.0_TRANSCRIPT_1	ID_16218	0.00	-10.79	18.16	21.58	5.13	18.60
	1.00	LOCUS_41894.0_TRANSCRIPT_1	ID_16225	0.00	-0.12	2.73	1.47	1.27	1.98
	1.00	LOCUS_41894.2_TRANSCRIPT_2	ID_16226	0.00	-1.97	10.32	3.06	4.49	8.13
	1.00	LOCUS_41920.0_TRANSCRIPT_2	ID_16249	0.00	-1.45	5.70	5.97	0.46	2.64
	1.00	LOCUS_41921.0_TRANSCRIPT_1	ID_16251	0.00	-1.29	1.58	4.35	0.74	4.04
	1.00	LOCUS_41950.0_TRANSCRIPT_1	ID_16276	0.00	-0.29	15.33	15.98	5.76	23.45
	1.00	LOCUS_41956.0_TRANSCRIPT_1	ID_16282	0.00	-0.64	1.00	0.55	-0.21	1.40
	1.00	LOCUS_42008.0_TRANSCRIPT_1	ID_16338	0.00	-1.30	90.90	60.18	13.43	52.92
	1.00	LOCUS_42013.0_TRANSCRIPT_1	ID_16346	0.00	0.03	1.68	0.74	0.41	1.14
	1.00	LOCUS_42039.0_TRANSCRIPT_1	ID_16376	0.00	-34.40	10.77	7.92	-25.10	-1.42
	1.00	LOCUS_42067.1_TRANSCRIPT_1	ID_16414	0.00	-1.33	2.64	5.99	1.89	6.95
	1.00	LOCUS_42081.0_TRANSCRIPT_2	ID_16432	0.00	0.11	3.03	1.96	1.09	2.49
	1.00	LOCUS_42084.0_TRANSCRIPT_1	ID_16435	0.00	-5.88	1.06	2.32	0.55	1.94
	1.00	LOCUS_42103.0_TRANSCRIPT_1	ID_16459	0.00	-4.38	9.59	7.48	0.29	8.64
	1.00	LOCUS_42105.0_TRANSCRIPT_1	ID_16462	0.00	-2.40	1.68	1.89	-0.89	2.09
	1.00	LOCUS_42142.0_TRANSCRIPT_1	ID_16500	0.00	-10.64	10.73	2.85	-3.53	8.07
	1.00	LOCUS_42177.0_TRANSCRIPT_1	ID_16528	0.00	-0.23	0.91	0.47	0.03	0.57
	1.00	LOCUS_42226.0_TRANSCRIPT_5	ID_16588	0.00	-0.60	2.53	3.38	2.12	3.99
	1.00	LOCUS_42239.0_TRANSCRIPT_1	ID_16606	0.00	-19.52	0.60	2.95	-9.73	19.41
	1.00	LOCUS_42292.0_TRANSCRIPT_1	ID_16674	0.00	-6.80	2.74	4.10	-3.03	-0.12
	1.00	LOCUS_42303.0_TRANSCRIPT_1	ID_16682	0.00	-34.13	87.50	90.55	-22.24	74.54
	1.00	LOCUS_42347.0_TRANSCRIPT_1	ID_16723	0.00	-17.88	10.40	3.66	-2.78	1.34
	1.00	LOCUS_42352.0_TRANSCRIPT_1	ID_16726	0.00	-0.15	2.62	2.57	2.06	3.07
	1.00	LOCUS_42383.0_TRANSCRIPT_2	ID_16765	0.00	-3.68	2.73	4.15	-1.56	0.16
	1.00	LOCUS_42408.1_TRANSCRIPT_1	ID_16787	0.00	-0.97	0.60	1.19	-0.67	0.38
	1.00	LOCUS_42408.2_TRANSCRIPT_1	ID_16788	0.00	-4.82	1.46	3.62	-1.85	5.41
	1.00	LOCUS_42416.0_TRANSCRIPT_1	ID_16796	0.00	-8.84	11.97	11.98	2.14	4.62
	1.00	LOCUS_42430.0_TRANSCRIPT_1	ID_16808	0.00	-3.10	66.28	37.53	25.01	71.62
	1.00	LOCUS_42432.0_TRANSCRIPT_1	ID_16810	0.00	-0.36	1.08	2.59	0.80	3.39
	1.00	LOCUS_42443.1_TRANSCRIPT_1	ID_16823	0.00	-1.21	9.90	8.41	4.65	5.57
	1.00	LOCUS_42472.1_TRANSCRIPT_1	ID_16854	0.00	-71.98	17.33	-8.84	-43.27	38.78
	1.00	LOCUS_42494.0_TRANSCRIPT_1	ID_16881	0.00	-0.21	2.61	2.78	2.15	2.66
	1.00	LOCUS_42513.0_TRANSCRIPT_1	ID_16904	0.00	-48.70	120.95	52.93	32.95	87.47
	1.00	LOCUS_42521.0_TRANSCRIPT_1	ID_16911	0.00	-0.38	0.90	0.66	0.40	0.78
	1.00	LOCUS_42561.0_TRANSCRIPT_1	ID_16952	0.00	-2.87	2.70	3.96	-2.02	1.69
	1.00	LOCUS_42576.0_TRANSCRIPT_1	ID_16967	0.00	-0.49	3.61	3.29	1.76	2.09
	1.00	LOCUS_42580.0_TRANSCRIPT_7	ID_16972	0.00	-0.61	1.38	1.48	1.03	2.26
	1.00	LOCUS_42593.0_TRANSCRIPT_1	ID_16987	0.00	-4.77	18.34	21.33	8.13	13.48
	1.00	LOCUS_42593.1_TRANSCRIPT_1	ID_16988	0.00	-3.74	17.25	15.26	11.14	17.31
	1.00	LOCUS_42612.0_TRANSCRIPT_1	ID_17009	0.00	-6.72	0.79	3.87	-2.74	4.59
	1.00	LOCUS_42617.0_TRANSCRIPT_1	ID_17014	0.00	-0.81	0.92	1.31	-0.94	0.88
	1.00	LOCUS_42632.0_TRANSCRIPT_1	ID_17026	0.00	-1.03	0.15	1.24	-0.20	0.57
	1.00	LOCUS_42635.0_TRANSCRIPT_1	ID_17030	0.00	-4.90	15.56	12.81	-1.08	12.57
	1.00	LOCUS_42661.0_TRANSCRIPT_1	ID_17062	0.00	-1.62	2.51	2.71	1.59	5.41
	1.00	LOCUS_42690.0_TRANSCRIPT_1	ID_17098	0.00	-4.33	3.08	5.04	-2.48	2.63
	1.00	LOCUS_42748.0_TRANSCRIPT_1	ID_17156	0.00	-3.75	-0.01	1.24	-0.45	3.73
	1.00	LOCUS_42773.0_TRANSCRIPT_1	ID_17190	0.00	-0.37	5.61	4.90	3.05	6.33
	1.00	LOCUS_42804.0_TRANSCRIPT_1	ID_17227	0.00	-0.10	1.82	1.78	-0.76	1.60
	1.00	LOCUS_42818.0_TRANSCRIPT_1	ID_17246	0.00	-3.89	1.29	5.43	2.29	5.18
	1.00	LOCUS_42822.0_TRANSCRIPT_2	ID_17251	0.00	-3.68	4.81	3.70	-0.35	7.43
	1.00	LOCUS_42874.0_TRANSCRIPT_1	ID_17313	0.00	-5.75	6.51	6.44	1.49	3.24
	1.00	LOCUS_42891.1_TRANSCRIPT_1	ID_17325	0.00	-3.35	5.00	2.60	-0.00	1.76
	1.00	LOCUS_42897.0_TRANSCRIPT_1	ID_17331	0.00	-0.04	1.43	0.84	0.29	0.99
	1.00	LOCUS_42911.0_TRANSCRIPT_1	ID_17342	0.00	-1.95	2.35	1.53	-0.65	2.43
	1.00	LOCUS_42918.0_TRANSCRIPT_1	ID_17349	0.00	-5.76	4.38	3.41	-5.91	0.23
	1.00	LOCUS_42924.0_TRANSCRIPT_1	ID_17356	0.00	-0.68	1.57	0.89	0.06	0.76
	1.00	LOCUS_42925.0_TRANSCRIPT_1	ID_17359	0.00	-0.70	3.50	2.93	1.57	4.14
	1.00	LOCUS_42937.0_TRANSCRIPT_1	ID_17368	0.00	-0.07	5.74	6.70	2.13	3.71
	1.00	LOCUS_42944.0_TRANSCRIPT_1	ID_17377	0.00	-19.14	43.71	38.32	8.51	53.64
	1.00	LOCUS_42958.0_TRANSCRIPT_1	ID_17391	0.00	-3.39	20.28	16.97	10.46	18.11
	1.00	LOCUS_43004.1_TRANSCRIPT_1	ID_17443	0.00	-1.03	2.22	2.09	-0.67	0.92
	1.00	LOCUS_43007.0_TRANSCRIPT_2	ID_17447	0.00	-0.96	3.09	7.16	0.51	4.02
	1.00	LOCUS_43013.0_TRANSCRIPT_2	ID_17454	0.00	-1.27	4.85	5.43	1.49	3.30
	1.00	LOCUS_43023.1_TRANSCRIPT_1	ID_17467	0.00	-0.19	10.67	10.83	7.18	8.14
	1.00	LOCUS_43030.0_TRANSCRIPT_1	ID_17475	0.00	-1.93	1.97	1.39	-1.25	1.68
	1.00	LOCUS_43033.0_TRANSCRIPT_1	ID_17478	0.00	-0.42	3.05	3.72	2.40	2.88
	1.00	LOCUS_43088.0_TRANSCRIPT_1	ID_17547	0.00	-0.22	4.33	2.49	0.93	4.66
	1.00	LOCUS_43109.0_TRANSCRIPT_1	ID_17567	0.00	21.93	340.62	215.94	91.81	217.49
	1.00	LOCUS_43110.1_TRANSCRIPT_1	ID_17569	0.00	-1.37	11.85	7.45	4.41	7.08
	1.00	LOCUS_43118.0_TRANSCRIPT_1	ID_17578	0.00	-8.94	58.78	47.68	22.36	23.74
	1.00	LOCUS_43129.0_TRANSCRIPT_1	ID_17593	0.00	-0.15	16.50	18.41	7.42	12.41
	1.00	LOCUS_43144.0_TRANSCRIPT_1	ID_17613	0.00	-42.77	142.65	99.23	46.69	121.97
	1.00	LOCUS_43216.0_TRANSCRIPT_1	ID_17691	0.00	-2.18	40.06	33.43	25.49	43.15
	1.00	LOCUS_43219.0_TRANSCRIPT_1	ID_17694	0.00	-0.61	7.40	6.19	-0.16	8.58
	1.00	LOCUS_43247.0_TRANSCRIPT_2	ID_17725	0.00	-1.30	1.07	0.50	-0.65	1.28
	1.00	LOCUS_43292.0_TRANSCRIPT_1	ID_17766	0.00	-0.23	0.92	0.98	0.30	0.90
	1.00	LOCUS_43299.0_TRANSCRIPT_1	ID_17771	0.00	-0.81	0.96	0.92	-0.40	0.50
	1.00	LOCUS_43318.0_TRANSCRIPT_1	ID_17793	0.00	-5.65	0.93	1.62	-2.58	2.26
	1.00	LOCUS_43326.0_TRANSCRIPT_1	ID_17803	0.00	-4.74	16.62	7.86	5.00	10.95
	1.00	LOCUS_43449.0_TRANSCRIPT_1	ID_17933	0.00	-0.80	437.21	428.35	74.11	328.99
	1.00	LOCUS_43470.0_TRANSCRIPT_12	ID_17957	0.00	-3.77	8.98	4.62	6.06	9.01
	1.00	LOCUS_43502.0_TRANSCRIPT_1	ID_17991	0.00	-1.48	2.82	2.23	-0.25	3.98
	1.00	LOCUS_43508.0_TRANSCRIPT_2	ID_18002	0.00	-7.31	6.08	12.04	4.00	6.30
	1.00	LOCUS_43570.0_TRANSCRIPT_1	ID_18071	0.00	-12.34	1.67	6.11	1.85	2.13
	1.00	LOCUS_43577.1_TRANSCRIPT_1	ID_18075	0.00	-0.98	13.57	9.06	2.29	10.92
	1.00	LOCUS_43583.0_TRANSCRIPT_1	ID_18084	0.00	-1.71	106.16	115.38	37.72	59.23
	1.00	LOCUS_43592.0_TRANSCRIPT_1	ID_18093	0.00	-0.21	1.56	1.45	0.06	1.83
	1.00	LOCUS_43603.0_TRANSCRIPT_1	ID_18103	0.00	-0.45	1.62	4.66	1.21	5.72
	1.00	LOCUS_43605.0_TRANSCRIPT_3	ID_18107	0.00	-0.61	1.87	0.51	0.56	0.74
	1.00	LOCUS_43620.0_TRANSCRIPT_1	ID_18124	0.00	-20.35	-4.77	12.22	-5.05	11.33
	1.00	LOCUS_43634.0_TRANSCRIPT_1	ID_18144	0.00	-0.66	1.47	1.53	-0.55	0.75
	1.00	LOCUS_43653.0_TRANSCRIPT_1	ID_18174	0.00	-0.21	1.34	1.22	-0.37	1.59
	1.00	LOCUS_43663.0_TRANSCRIPT_1	ID_18184	0.00	-0.09	5.53	5.06	2.53	2.96
	1.00	LOCUS_43665.0_TRANSCRIPT_1	ID_18185	0.00	-0.04	6.37	5.21	1.10	4.36
	1.00	LOCUS_43712.2_TRANSCRIPT_1	ID_18243	0.00	-8.29	25.18	21.90	7.13	12.45
	1.00	LOCUS_43742.1_TRANSCRIPT_1	ID_18278	0.00	-0.30	92.99	91.02	35.05	61.95
	1.00	LOCUS_43788.0_TRANSCRIPT_1	ID_18332	0.00	-188.51	-1.13	104.90	-13.77	128.70
	1.00	LOCUS_43824.0_TRANSCRIPT_1	ID_18373	0.00	-1.26	1.32	0.86	-1.57	1.07
	1.00	LOCUS_43851.0_TRANSCRIPT_2	ID_18401	0.00	-6.66	4.02	5.75	2.66	2.77
	1.00	LOCUS_43854.2_TRANSCRIPT_1	ID_18402	0.00	-0.27	46.84	37.41	23.75	31.66
	1.00	LOCUS_43869.0_TRANSCRIPT_1	ID_18418	0.00	-1.18	10.03	12.75	4.20	10.22
	1.00	LOCUS_43891.0_TRANSCRIPT_1	ID_18441	0.00	-4.44	17.27	20.56	12.10	14.77
	1.00	LOCUS_43895.2_TRANSCRIPT_2	ID_18448	0.00	-0.91	0.40	-0.02	-0.21	0.33
	1.00	LOCUS_43897.0_TRANSCRIPT_1	ID_18452	0.00	-0.18	11.69	10.96	6.07	6.10
	1.00	LOCUS_43900.0_TRANSCRIPT_1	ID_18455	0.00	-3.93	3.48	3.04	-0.99	2.23
	1.00	LOCUS_43924.0_TRANSCRIPT_2	ID_18481	0.00	-0.18	1.25	1.57	0.72	1.92
	1.00	LOCUS_43933.0_TRANSCRIPT_1	ID_18496	0.00	-7.94	-0.53	3.94	0.89	2.97
	1.00	LOCUS_43937.0_TRANSCRIPT_1	ID_18502	0.00	-1.27	4.87	1.38	2.55	3.02
	1.00	LOCUS_43939.0_TRANSCRIPT_1	ID_18504	0.00	-6.11	0.36	1.41	-1.99	5.65
	1.00	LOCUS_43949.0_TRANSCRIPT_1	ID_18510	0.00	-0.69	5.83	4.24	2.17	4.82
	1.00	LOCUS_43988.0_TRANSCRIPT_1	ID_18538	0.00	-77.58	55.69	28.16	-25.60	7.82
	1.00	LOCUS_44011.0_TRANSCRIPT_1	ID_18563	0.00	-2.31	3.90	4.40	-1.06	1.16
	1.00	LOCUS_44011.1_TRANSCRIPT_1	ID_18564	0.00	-1.78	1.49	0.51	-0.14	0.08
	1.00	LOCUS_44017.2_TRANSCRIPT_1	ID_18571	0.00	-6.69	9.74	10.16	0.14	2.60
	1.00	LOCUS_44023.0_TRANSCRIPT_1	ID_18579	0.00	0.32	5.27	3.38	1.02	5.66
	1.00	LOCUS_44046.0_TRANSCRIPT_1	ID_18612	0.00	-0.62	2.58	3.93	1.15	1.91
	1.00	LOCUS_44084.0_TRANSCRIPT_1	ID_18661	0.00	-0.12	0.61	0.95	0.43	1.10
	1.00	LOCUS_44088.0_TRANSCRIPT_1	ID_18664	0.00	-0.26	23.21	26.72	0.84	30.21
	1.00	LOCUS_44108.0_TRANSCRIPT_1	ID_18691	0.00	-2.65	-0.52	0.64	-1.00	1.27
	1.00	LOCUS_44129.0_TRANSCRIPT_2	ID_18707	0.00	-0.78	2.98	4.20	1.98	2.66
	1.00	LOCUS_44156.0_TRANSCRIPT_1	ID_18737	0.00	-38.31	131.82	120.73	63.95	114.39
	1.00	LOCUS_44164.0_TRANSCRIPT_1	ID_18749	0.00	-0.00	6.73	2.33	3.44	5.07
	1.00	LOCUS_44170.0_TRANSCRIPT_1	ID_18756	0.00	-0.14	2.10	1.27	0.76	1.27
	1.00	LOCUS_44185.0_TRANSCRIPT_1	ID_18774	0.00	-6.05	2.06	6.10	0.05	11.17
	1.00	LOCUS_44221.0_TRANSCRIPT_1	ID_18816	0.00	-0.69	2.61	6.00	1.55	3.70
	1.00	LOCUS_44330.0_TRANSCRIPT_1	ID_18946	0.00	-3.16	2.84	2.94	0.24	2.96
	1.00	LOCUS_44366.0_TRANSCRIPT_1	ID_18987	0.00	-18.45	97.46	48.49	29.37	42.56
	1.00	LOCUS_44374.0_TRANSCRIPT_13	ID_18997	0.00	-1.32	2.45	1.46	-0.81	2.81
	1.00	LOCUS_44376.0_TRANSCRIPT_1	ID_19000	0.00	-0.92	3.88	1.43	0.42	2.20
	1.00	LOCUS_44380.0_TRANSCRIPT_3	ID_19004	0.00	-0.43	1.05	0.71	-0.10	0.45
	1.00	LOCUS_44401.0_TRANSCRIPT_1	ID_19034	0.00	-0.57	1.02	2.37	-0.20	2.14
	1.00	LOCUS_44403.1_TRANSCRIPT_2	ID_19043	0.00	-0.68	131.23	125.41	52.72	69.39
	1.00	LOCUS_44410.0_TRANSCRIPT_2	ID_19053	0.00	-12.18	11.61	9.22	-7.21	-1.16
	1.00	LOCUS_44434.0_TRANSCRIPT_1	ID_19084	0.00	-5.23	5.80	4.86	-1.80	4.12
	1.00	LOCUS_44457.0_TRANSCRIPT_1	ID_19114	0.00	-5.56	0.34	4.52	1.12	8.18
	1.00	LOCUS_44462.0_TRANSCRIPT_1	ID_19121	0.00	-28.61	29.48	28.05	10.97	20.88
	1.00	LOCUS_44466.0_TRANSCRIPT_2	ID_19125	0.00	-29.33	10.91	2.32	-8.90	15.73
	1.00	LOCUS_44470.0_TRANSCRIPT_1	ID_19130	0.00	-4.01	24.16	8.99	2.52	16.80
	1.00	LOCUS_44475.1_TRANSCRIPT_1	ID_19136	0.00	-1.12	6.99	2.08	1.71	3.56
	1.00	LOCUS_44477.2_TRANSCRIPT_5	ID_19144	0.00	-4.20	1.04	1.54	-2.81	-1.08
	1.00	LOCUS_44481.0_TRANSCRIPT_2	ID_19148	0.00	-0.03	1.25	0.93	0.85	1.11
	1.00	LOCUS_44501.0_TRANSCRIPT_2	ID_19178	0.00	-3.02	3.99	4.14	-0.24	3.30
	1.00	LOCUS_44547.1_TRANSCRIPT_1	ID_19227	0.00	-0.98	1.52	1.39	1.75	2.09
	1.00	LOCUS_44548.1_TRANSCRIPT_1	ID_19228	0.00	-4.11	5.15	2.98	-0.58	3.14
	1.00	LOCUS_44565.1_TRANSCRIPT_7	ID_19252	0.00	-0.82	0.66	0.77	-0.12	0.26
	1.00	LOCUS_44603.0_TRANSCRIPT_4	ID_19301	0.00	-1.77	1.28	0.89	-0.26	1.58
	1.00	LOCUS_44605.0_TRANSCRIPT_1	ID_19303	0.00	-4.75	6.22	9.55	5.85	15.92
	1.00	LOCUS_44713.0_TRANSCRIPT_1	ID_19415	0.00	-0.26	2.05	1.01	0.41	1.06
	1.00	LOCUS_44768.0_TRANSCRIPT_1	ID_19482	0.00	0.04	6.48	4.40	2.84	7.62
	1.00	LOCUS_44782.2_TRANSCRIPT_1	ID_19507	0.00	-3.29	-0.17	0.88	-0.64	3.47
	1.00	LOCUS_44793.3_TRANSCRIPT_1	ID_19533	0.00	-2.46	3.68	3.62	2.73	4.31
	1.00	LOCUS_44809.0_TRANSCRIPT_1	ID_19553	0.00	-0.96	10.85	8.85	-2.65	6.88
	1.00	LOCUS_44820.0_TRANSCRIPT_1	ID_19565	0.00	-1.73	3.65	0.51	0.68	1.30
	1.00	LOCUS_44835.1_TRANSCRIPT_2	ID_19584	0.00	5.30	25.83	20.48	10.45	27.61
	1.00	LOCUS_44858.0_TRANSCRIPT_1	ID_19606	0.00	-11.80	144.94	135.47	85.07	115.08
	1.00	LOCUS_44887.0_TRANSCRIPT_4	ID_19633	0.00	-2.74	5.36	6.43	0.48	1.57
	1.00	LOCUS_44913.0_TRANSCRIPT_4	ID_19669	0.00	-0.67	1.28	0.52	-0.36	0.79
	1.00	LOCUS_44954.0_TRANSCRIPT_1	ID_19709	0.00	-15.66	18.62	14.20	-4.63	8.80
	1.00	LOCUS_44969.0_TRANSCRIPT_1	ID_19727	0.00	-69.98	130.17	87.75	-1.11	38.51
	1.00	LOCUS_44976.0_TRANSCRIPT_2	ID_19737	0.00	-0.13	1.16	1.43	-0.17	1.43
	1.00	LOCUS_45011.1_TRANSCRIPT_2	ID_19770	0.00	-0.20	0.84	2.04	0.22	1.28
	1.00	LOCUS_45011.2_TRANSCRIPT_1	ID_19773	0.00	-0.60	22.92	22.38	18.13	21.77
	1.00	LOCUS_45022.0_TRANSCRIPT_1	ID_19786	0.00	-0.13	4.43	4.15	1.06	2.53
	1.00	LOCUS_45053.0_TRANSCRIPT_2	ID_19816	0.00	-0.85	0.28	-0.01	0.03	0.07
	1.00	LOCUS_45064.0_TRANSCRIPT_3	ID_19826	0.00	-2.40	4.98	1.90	-0.47	2.21
	1.00	LOCUS_45077.0_TRANSCRIPT_1	ID_19848	0.00	-7.88	88.55	74.29	48.76	74.16
	1.00	LOCUS_45080.0_TRANSCRIPT_4	ID_19853	0.00	-0.32	3.11	4.69	2.60	4.27
	1.00	LOCUS_45088.0_TRANSCRIPT_1	ID_19867	0.00	0.03	1.09	1.16	0.76	1.43
	1.00	LOCUS_45125.0_TRANSCRIPT_1	ID_19914	0.00	-5.27	2.99	5.83	-2.55	1.11
	1.00	LOCUS_45156.0_TRANSCRIPT_1	ID_19962	0.00	-0.06	1.93	1.60	0.53	1.56
	1.00	LOCUS_45167.0_TRANSCRIPT_1	ID_19972	0.00	-0.13	9.31	5.92	1.09	5.54
	1.00	LOCUS_45182.0_TRANSCRIPT_1	ID_19986	0.00	-0.53	2.67	2.43	1.81	4.49
	1.00	LOCUS_45208.0_TRANSCRIPT_1	ID_20022	0.00	-0.15	6.41	7.25	4.83	6.92
	1.00	LOCUS_45227.1_TRANSCRIPT_1	ID_20049	0.00	-0.96	0.89	0.24	-0.27	0.92
	1.00	LOCUS_45237.0_TRANSCRIPT_1	ID_20071	0.00	-6.92	4.83	-0.89	-4.18	5.78
	1.00	LOCUS_45237.1_TRANSCRIPT_1	ID_20072	0.00	-30.19	18.21	5.88	-22.95	1.34
	1.00	LOCUS_45275.0_TRANSCRIPT_26	ID_20106	0.00	0.02	1.27	0.88	0.38	0.73
	1.00	LOCUS_45275.0_TRANSCRIPT_27	ID_20107	0.00	0.12	1.59	1.67	-0.11	1.05
	1.00	LOCUS_45295.0_TRANSCRIPT_7	ID_20131	0.00	-0.06	22.52	21.60	11.87	17.66
	1.00	LOCUS_45301.0_TRANSCRIPT_5	ID_20136	0.00	-0.93	1.98	1.30	-0.94	0.73
	1.00	LOCUS_45353.0_TRANSCRIPT_2	ID_20200	0.00	-0.51	0.58	0.71	0.32	0.52
	1.00	LOCUS_45360.0_TRANSCRIPT_3	ID_20207	0.00	-37.44	29.21	-8.30	-17.96	16.57
	1.00	LOCUS_45369.1_TRANSCRIPT_17	ID_20217	0.00	-6.06	74.69	63.24	24.53	61.75
	1.00	LOCUS_45386.0_TRANSCRIPT_1	ID_20233	0.00	-0.95	4.24	4.47	1.32	2.76
	1.00	LOCUS_45398.0_TRANSCRIPT_1	ID_20250	0.00	-0.90	2.15	0.98	0.73	0.84
	1.00	LOCUS_45404.0_TRANSCRIPT_2	ID_20260	0.00	-5.51	12.38	9.27	3.18	14.95
	1.00	LOCUS_45415.2_TRANSCRIPT_2	ID_20277	0.00	-0.11	0.92	0.57	-0.00	0.70
	1.00	LOCUS_45429.2_TRANSCRIPT_1	ID_20297	0.00	-0.82	1.74	0.83	-0.50	0.70
	1.00	LOCUS_45438.0_TRANSCRIPT_1	ID_20309	0.00	-19.08	6.59	22.01	1.32	8.98
	1.00	LOCUS_45475.0_TRANSCRIPT_1	ID_20362	0.00	-3.94	1.39	3.46	2.23	3.93
	1.00	LOCUS_45483.0_TRANSCRIPT_1	ID_20371	0.00	-6.25	42.86	29.99	19.81	23.36
	1.00	LOCUS_45530.0_TRANSCRIPT_4	ID_20431	0.00	-1.17	0.79	0.54	0.02	0.42
	1.00	LOCUS_45604.0_TRANSCRIPT_1	ID_20527	0.00	-5.51	75.12	81.54	23.77	67.80
	1.00	LOCUS_45631.2_TRANSCRIPT_1	ID_20563	0.00	-0.43	7.25	6.49	2.48	4.68
	1.00	LOCUS_45635.0_TRANSCRIPT_1	ID_20566	0.00	-56.95	34.78	43.21	-2.10	68.97
	1.00	LOCUS_45654.1_TRANSCRIPT_1	ID_20578	0.00	-0.06	0.86	1.09	-0.06	0.72
	1.00	LOCUS_45657.0_TRANSCRIPT_1	ID_20581	0.00	-1.30	2.83	4.65	1.06	7.05
	1.00	LOCUS_45732.0_TRANSCRIPT_1	ID_20675	0.00	-65.91	-11.22	1.85	-24.51	17.80
	1.00	LOCUS_45753.0_TRANSCRIPT_2	ID_20703	0.00	-2.13	42.69	49.59	23.20	37.48
	1.00	LOCUS_45759.0_TRANSCRIPT_2	ID_20712	0.00	-6.60	11.06	5.83	6.11	10.82
	1.00	LOCUS_45767.0_TRANSCRIPT_1	ID_20724	0.00	-16.74	10.21	11.82	-1.15	20.35
	1.00	LOCUS_45798.0_TRANSCRIPT_2	ID_20757	0.00	-0.44	1.61	0.63	-0.10	1.27
	1.00	LOCUS_45807.1_TRANSCRIPT_4	ID_20771	0.00	-0.39	6.18	5.34	1.42	3.54
	1.00	LOCUS_45866.0_TRANSCRIPT_6	ID_20850	0.00	-1.19	3.13	1.99	1.05	1.07
	1.00	LOCUS_45875.1_TRANSCRIPT_9	ID_20866	0.00	-0.22	1.17	1.45	0.54	2.10
	1.00	LOCUS_45882.0_TRANSCRIPT_1	ID_20877	0.00	-2.12	1.88	1.69	-0.52	0.54
	1.00	LOCUS_45906.2_TRANSCRIPT_1	ID_20915	0.00	4.40	50.81	42.58	19.58	41.63
	1.00	LOCUS_45911.0_TRANSCRIPT_2	ID_20924	0.00	-0.78	2.92	3.25	-0.24	2.15
	1.00	LOCUS_45922.0_TRANSCRIPT_3	ID_20938	0.00	-0.12	1.76	1.56	1.32	1.36
	1.00	LOCUS_45932.0_TRANSCRIPT_1	ID_20947	0.00	-3.67	19.80	17.13	8.89	10.28
	1.00	LOCUS_45968.0_TRANSCRIPT_1	ID_20978	0.00	-4.78	3.99	-0.73	-3.26	3.80
	1.00	LOCUS_45998.0_TRANSCRIPT_1	ID_21017	0.00	-1.09	7.88	7.10	1.14	5.61
	1.00	LOCUS_46001.0_TRANSCRIPT_2	ID_21023	0.00	-0.39	0.78	0.12	-0.04	0.28
	1.00	LOCUS_46044.0_TRANSCRIPT_2	ID_21067	0.00	-0.19	41.59	24.88	22.24	31.62
	1.00	LOCUS_46047.0_TRANSCRIPT_1	ID_21073	0.00	-0.73	2.55	2.03	-0.09	1.43
	1.00	LOCUS_46087.2_TRANSCRIPT_1	ID_21122	0.00	-3.05	0.80	2.11	-1.51	4.43
	1.00	LOCUS_46087.3_TRANSCRIPT_1	ID_21123	0.00	0.26	3.41	2.81	1.30	2.92
	1.00	LOCUS_46097.0_TRANSCRIPT_1	ID_21135	0.00	-12.15	61.46	94.97	32.91	86.65
	1.00	LOCUS_46121.0_TRANSCRIPT_1	ID_21164	0.00	-0.03	26.31	30.30	16.82	21.52
	1.00	LOCUS_46132.0_TRANSCRIPT_1	ID_21181	0.00	0.18	7.15	4.97	1.08	5.43
	1.00	LOCUS_46153.3_TRANSCRIPT_3	ID_21209	0.00	-2.02	121.70	102.81	73.31	79.78
	1.00	LOCUS_46156.0_TRANSCRIPT_2	ID_21211	0.00	-0.06	1.28	1.17	0.24	0.63
	1.00	LOCUS_46166.0_TRANSCRIPT_1	ID_21221	0.00	-11.21	3.04	0.60	-9.21	-0.15
	1.00	LOCUS_46166.2_TRANSCRIPT_1	ID_21223	0.00	-3.33	22.04	28.04	7.87	25.48
	1.00	LOCUS_46166.4_TRANSCRIPT_1	ID_21224	0.00	-0.79	14.96	11.22	9.22	11.58
	1.00	LOCUS_46172.0_TRANSCRIPT_1	ID_21232	0.00	-4.69	2.28	4.15	-1.93	3.06
	1.00	LOCUS_46180.0_TRANSCRIPT_1	ID_21241	0.00	-3.18	5.35	3.52	5.24	7.38
	1.00	LOCUS_46196.0_TRANSCRIPT_2	ID_21265	0.00	-8.67	10.79	10.11	3.23	19.11
	1.00	LOCUS_46216.3_TRANSCRIPT_2	ID_21295	0.00	-0.88	40.29	34.47	13.48	32.56
	1.00	LOCUS_46216.3_TRANSCRIPT_4	ID_21297	0.00	-0.35	3.06	2.75	1.38	2.21
	1.00	LOCUS_46226.0_TRANSCRIPT_1	ID_21313	0.00	0.12	65.23	51.28	15.63	49.07
	1.00	LOCUS_46250.1_TRANSCRIPT_2	ID_21353	0.00	-0.42	4.55	5.53	0.03	9.17
	1.00	LOCUS_46256.2_TRANSCRIPT_3	ID_21364	0.00	-0.21	0.48	0.63	-0.37	0.36
	1.00	LOCUS_46269.0_TRANSCRIPT_1	ID_21379	0.00	-0.97	30.27	24.84	14.24	16.04
	1.00	LOCUS_46286.0_TRANSCRIPT_1	ID_21413	0.00	-4.01	1.28	3.13	-0.49	5.06
	1.00	LOCUS_46319.1_TRANSCRIPT_1	ID_21454	0.00	-8.59	6.49	7.73	5.40	14.74
	1.00	LOCUS_46321.0_TRANSCRIPT_1	ID_21457	0.00	-10.44	18.48	25.00	11.63	34.66
	1.00	LOCUS_46332.1_TRANSCRIPT_1	ID_21473	0.00	-9.39	15.55	11.66	3.66	6.06
	1.00	LOCUS_46338.0_TRANSCRIPT_1	ID_21478	0.00	-5.86	17.99	13.90	-4.94	11.96
	1.00	LOCUS_46340.1_TRANSCRIPT_1	ID_21480	0.00	-4.38	10.68	22.14	1.53	12.90
	1.00	LOCUS_46347.0_TRANSCRIPT_2	ID_21495	0.00	-2.24	7.74	1.88	3.03	4.90
	1.00	LOCUS_46359.0_TRANSCRIPT_1	ID_21506	0.00	-0.13	1.02	0.49	0.36	1.00
	1.00	LOCUS_46377.1_TRANSCRIPT_1	ID_21524	0.00	-0.48	1.29	0.70	0.26	0.48
	1.00	LOCUS_46392.0_TRANSCRIPT_1	ID_21551	0.00	-0.91	3.59	1.47	-0.08	2.74
	1.00	LOCUS_46457.1_TRANSCRIPT_3	ID_21663	0.00	-1.32	0.48	0.51	-0.32	-0.05
	1.00	LOCUS_46473.0_TRANSCRIPT_1	ID_21677	0.00	-0.39	2.11	1.79	0.75	0.80
	1.00	LOCUS_46476.0_TRANSCRIPT_1	ID_21680	0.00	-13.77	17.76	16.48	2.23	10.88
	1.00	LOCUS_46477.0_TRANSCRIPT_2	ID_21681	0.00	-0.05	11.54	9.88	4.61	7.42
	1.00	LOCUS_46478.1_TRANSCRIPT_1	ID_21682	0.00	-0.10	1.65	1.20	1.08	1.35
	1.00	LOCUS_46507.2_TRANSCRIPT_1	ID_21722	0.00	-0.10	6.35	7.67	4.06	6.88
	1.00	LOCUS_46508.2_TRANSCRIPT_2	ID_21725	0.00	-0.87	0.41	-0.02	-0.25	0.44
	1.00	LOCUS_46562.0_TRANSCRIPT_2	ID_21788	0.00	-0.20	33.64	27.30	22.86	27.65
	1.00	LOCUS_46568.0_TRANSCRIPT_7	ID_21797	0.00	-0.60	0.77	0.48	-0.33	0.40
	1.00	LOCUS_46628.0_TRANSCRIPT_1	ID_21875	0.00	-12.55	6.01	4.20	-7.79	-0.96
	1.00	LOCUS_46643.0_TRANSCRIPT_2	ID_21896	0.00	-1.10	1.23	2.64	-0.33	1.52
	1.00	LOCUS_46674.0_TRANSCRIPT_3	ID_21935	0.00	-6.35	7.60	1.92	-3.17	1.33
	1.00	LOCUS_46687.0_TRANSCRIPT_2	ID_21950	0.00	0.01	1.39	0.76	0.84	1.04
	1.00	LOCUS_46763.0_TRANSCRIPT_1	ID_22065	0.00	-1.37	1.10	1.42	0.98	3.06
	1.00	LOCUS_46768.0_TRANSCRIPT_1	ID_22073	0.00	-0.75	0.99	0.61	-0.49	1.04
	1.00	LOCUS_46790.0_TRANSCRIPT_10	ID_22099	0.00	0.11	10.60	6.74	1.57	6.67
	1.00	LOCUS_46801.0_TRANSCRIPT_11	ID_22114	0.00	-0.35	1.35	1.37	0.18	2.18
	1.00	LOCUS_46811.0_TRANSCRIPT_3	ID_22132	0.00	-3.17	6.85	2.18	0.07	4.74
	1.00	LOCUS_46821.2_TRANSCRIPT_1	ID_22147	0.00	-5.27	15.91	9.18	3.95	6.39
	1.00	LOCUS_46830.1_TRANSCRIPT_17	ID_22156	0.00	-0.36	2.63	1.50	0.69	2.03
	1.00	LOCUS_46837.0_TRANSCRIPT_1	ID_22161	0.00	-38.72	9.43	10.88	-15.20	20.45
	1.00	LOCUS_46846.2_TRANSCRIPT_2	ID_22179	0.00	-0.13	0.53	1.15	0.10	1.18
	1.00	LOCUS_46866.1_TRANSCRIPT_12	ID_22214	0.00	-0.35	2.78	2.13	1.35	2.41
	1.00	LOCUS_46880.0_TRANSCRIPT_3	ID_22225	0.00	-2.58	4.02	5.26	3.72	5.63
	1.00	LOCUS_46890.0_TRANSCRIPT_4	ID_22250	0.00	-0.13	0.92	0.79	-0.18	0.61
	1.00	LOCUS_46890.0_TRANSCRIPT_6	ID_22251	0.00	-1.26	2.58	4.05	0.10	1.68
	1.00	LOCUS_46896.0_TRANSCRIPT_2	ID_22258	0.00	-0.08	2.08	1.61	1.03	1.46
	1.00	LOCUS_46897.0_TRANSCRIPT_3	ID_22260	0.00	-0.04	2.80	2.40	1.25	2.75
	1.00	LOCUS_46897.0_TRANSCRIPT_6	ID_22261	0.00	-0.63	28.86	27.77	13.42	21.69
	1.00	LOCUS_46918.0_TRANSCRIPT_1	ID_22290	0.00	-3.40	1.16	2.15	-1.05	3.07
	1.00	LOCUS_46925.0_TRANSCRIPT_1	ID_22303	0.00	-0.69	117.20	106.48	53.42	78.04
	1.00	LOCUS_46933.0_TRANSCRIPT_2	ID_22315	0.00	-0.14	3.22	1.55	0.73	2.18
	1.00	LOCUS_46945.0_TRANSCRIPT_1	ID_22335	0.00	-0.15	1.16	1.53	-0.09	2.17
	1.00	LOCUS_46974.0_TRANSCRIPT_1	ID_22371	0.00	-3.71	0.94	2.51	-2.94	-0.31
	1.00	LOCUS_46995.1_TRANSCRIPT_1	ID_22402	0.00	0.12	72.60	43.35	26.90	53.82
	1.00	LOCUS_46997.0_TRANSCRIPT_1	ID_22404	0.00	-44.80	51.36	33.07	5.54	28.21
	1.00	LOCUS_47005.0_TRANSCRIPT_1	ID_22411	0.00	-0.71	1.09	2.50	1.10	1.61
	1.00	LOCUS_47040.0_TRANSCRIPT_7	ID_22459	0.00	-3.15	2.84	0.89	-0.99	0.56
	1.00	LOCUS_47065.0_TRANSCRIPT_10	ID_22496	0.00	0.05	3.00	3.34	2.45	3.07
	1.00	LOCUS_47100.1_TRANSCRIPT_5	ID_22545	0.00	-1.36	1.57	0.56	-0.79	0.14
	1.00	LOCUS_47100.1_TRANSCRIPT_6	ID_22546	0.00	-0.45	0.75	1.49	0.51	1.05
	1.00	LOCUS_47126.0_TRANSCRIPT_1	ID_22587	0.00	-0.24	1.12	0.58	0.28	0.92
	1.00	LOCUS_47133.1_TRANSCRIPT_1	ID_22600	0.00	-3.17	8.09	15.56	-3.85	9.14
	1.00	LOCUS_47149.1_TRANSCRIPT_1	ID_22617	0.00	-1.84	4.07	2.45	1.80	3.93
	1.00	LOCUS_47151.0_TRANSCRIPT_1	ID_22619	0.00	-4.51	12.84	18.25	5.95	10.97
	1.00	LOCUS_47162.0_TRANSCRIPT_1	ID_22631	0.00	-6.89	6.96	5.25	-3.59	4.86
	1.00	LOCUS_47176.1_TRANSCRIPT_1	ID_22653	0.00	-0.20	3.60	3.26	1.36	2.75
	1.00	LOCUS_47189.0_TRANSCRIPT_1	ID_22668	0.00	0.07	63.38	62.98	15.45	47.00
	1.00	LOCUS_47219.0_TRANSCRIPT_4	ID_22695	0.00	-2.49	1.65	1.61	-0.18	0.44
	1.00	LOCUS_47237.0_TRANSCRIPT_1	ID_22728	0.00	-3.91	4.50	1.12	-1.21	1.82
	1.00	LOCUS_47275.0_TRANSCRIPT_1	ID_22782	0.00	-0.14	2.87	1.75	0.29	2.41
	1.00	LOCUS_47296.0_TRANSCRIPT_1	ID_22807	0.00	-20.20	25.84	36.03	15.51	37.37
	1.00	LOCUS_47319.0_TRANSCRIPT_1	ID_22827	0.00	-20.56	39.32	12.95	-10.02	26.63
	1.00	LOCUS_47325.0_TRANSCRIPT_4	ID_22839	0.00	-0.01	1.94	1.31	0.59	1.91
	1.00	LOCUS_47327.1_TRANSCRIPT_1	ID_22842	0.00	-0.44	86.19	88.76	29.09	54.55
	1.00	LOCUS_47343.0_TRANSCRIPT_1	ID_22863	0.00	-0.79	24.47	13.33	10.13	14.93
	1.00	LOCUS_47350.0_TRANSCRIPT_1	ID_22871	0.00	-6.42	4.72	6.51	-5.37	1.87
	1.00	LOCUS_47351.0_TRANSCRIPT_1	ID_22872	0.00	-1.28	0.75	0.26	-0.95	0.14
	1.00	LOCUS_47376.1_TRANSCRIPT_15	ID_22903	0.00	-0.43	2.19	1.11	0.56	2.44
	1.00	LOCUS_47384.0_TRANSCRIPT_1	ID_22913	0.00	-0.93	2.63	1.38	0.39	1.71
	1.00	LOCUS_47387.0_TRANSCRIPT_1	ID_22916	0.00	-6.49	12.43	10.77	4.20	8.01
	1.00	LOCUS_47389.0_TRANSCRIPT_3	ID_22920	0.00	-0.29	0.99	0.30	0.23	0.77
	1.00	LOCUS_47405.0_TRANSCRIPT_3	ID_22938	0.00	-7.43	-0.25	1.29	-1.71	1.85
	1.00	LOCUS_47432.1_TRANSCRIPT_1	ID_22979	0.00	-0.18	2.85	1.26	1.51	2.02
	1.00	LOCUS_47458.1_TRANSCRIPT_1	ID_23017	0.00	-0.28	0.68	0.64	0.27	0.92
	1.00	LOCUS_47458.1_TRANSCRIPT_3	ID_23018	0.00	-0.51	0.88	0.87	-0.38	1.07
	1.00	LOCUS_47472.0_TRANSCRIPT_1	ID_23041	0.00	-34.70	16.79	-3.43	-16.02	2.71
	1.00	LOCUS_47475.2_TRANSCRIPT_4	ID_23050	0.00	-0.47	11.75	9.13	4.73	6.35
	1.00	LOCUS_47492.0_TRANSCRIPT_1	ID_23083	0.00	-7.25	10.22	3.75	6.83	11.02
	1.00	LOCUS_47514.0_TRANSCRIPT_1	ID_23115	0.00	-30.15	56.88	36.38	3.48	45.59
	1.00	LOCUS_47514.1_TRANSCRIPT_1	ID_23116	0.00	-24.12	2.80	6.22	-5.60	11.28
	1.00	LOCUS_47521.0_TRANSCRIPT_1	ID_23128	0.00	-2.14	1.92	2.16	-1.10	2.63
	1.00	LOCUS_47523.1_TRANSCRIPT_3	ID_23133	0.00	0.46	9.27	9.39	3.45	8.33
	1.00	LOCUS_47525.2_TRANSCRIPT_2	ID_23135	0.00	-0.51	0.74	0.60	-0.04	0.63
	1.00	LOCUS_47526.0_TRANSCRIPT_1	ID_23137	0.00	-0.34	2.10	1.60	1.25	2.03
	1.00	LOCUS_47555.0_TRANSCRIPT_2	ID_23172	0.00	-0.47	1.04	0.37	0.05	1.00
	1.00	LOCUS_47558.0_TRANSCRIPT_1	ID_23181	0.00	-0.89	1.77	1.60	0.09	1.82
	1.00	LOCUS_47560.4_TRANSCRIPT_1	ID_23188	0.00	-5.03	33.73	19.55	3.06	26.69
	1.00	LOCUS_47587.0_TRANSCRIPT_1	ID_23225	0.00	-2.20	7.34	4.56	4.02	5.48
	1.00	LOCUS_47607.0_TRANSCRIPT_1	ID_23246	0.00	-1.15	0.41	0.50	-0.56	0.37
	1.00	LOCUS_47618.0_TRANSCRIPT_1	ID_23265	0.00	-7.25	70.41	41.96	33.29	49.57
	1.00	LOCUS_47649.0_TRANSCRIPT_1	ID_23303	0.00	-1.66	3.95	0.68	0.77	2.56
	1.00	LOCUS_47656.0_TRANSCRIPT_1	ID_23312	0.00	-17.80	9.59	7.97	-8.20	0.80
	1.00	LOCUS_47693.0_TRANSCRIPT_1	ID_23358	0.00	0.01	42.90	40.58	19.99	22.46
	1.00	LOCUS_47728.0_TRANSCRIPT_2	ID_23398	0.00	-14.82	32.58	52.53	8.09	46.21
	1.00	LOCUS_47731.1_TRANSCRIPT_2	ID_23407	0.00	-0.06	1.02	1.17	0.43	0.67
	1.00	LOCUS_47732.0_TRANSCRIPT_1	ID_23408	0.00	-14.31	49.67	12.15	17.14	30.86
	1.00	LOCUS_47744.0_TRANSCRIPT_1	ID_23419	0.00	-5.60	7.17	0.17	-2.55	3.67
	1.00	LOCUS_47746.0_TRANSCRIPT_1	ID_23421	0.00	-4.29	2.46	2.97	-1.39	3.23
	1.00	LOCUS_47769.0_TRANSCRIPT_1	ID_23447	0.00	-2.89	12.88	8.19	-1.79	13.68
	1.00	LOCUS_47793.0_TRANSCRIPT_1	ID_23479	0.00	-1.70	16.08	19.73	4.48	14.38
	1.00	LOCUS_47793.1_TRANSCRIPT_1	ID_23480	0.00	-1.49	8.66	16.83	5.89	8.86
	1.00	LOCUS_47811.0_TRANSCRIPT_1	ID_23502	0.00	-46.72	25.83	24.66	-4.66	32.42
	1.00	LOCUS_47825.0_TRANSCRIPT_1	ID_23522	0.00	-4.22	1.07	2.34	-1.69	3.83
	1.00	LOCUS_47830.0_TRANSCRIPT_1	ID_23533	0.00	-10.01	21.18	16.51	7.95	18.06
	1.00	LOCUS_47852.1_TRANSCRIPT_6	ID_23560	0.00	-0.51	1.17	0.90	-0.34	0.43
	1.00	LOCUS_47905.1_TRANSCRIPT_1	ID_23632	0.00	-0.30	3.38	1.86	1.18	3.09
	1.00	LOCUS_47908.0_TRANSCRIPT_5	ID_23639	0.00	-0.84	3.93	2.18	-0.16	2.43
	1.00	LOCUS_47911.1_TRANSCRIPT_2	ID_23642	0.00	-0.17	9.69	8.23	0.48	8.84
	1.00	LOCUS_47972.0_TRANSCRIPT_2	ID_23733	0.00	-1.20	0.20	0.28	-0.71	0.66
	1.00	LOCUS_47978.1_TRANSCRIPT_2	ID_23742	0.00	-68.33	617.67	644.01	392.15	457.12
	1.00	LOCUS_48012.2_TRANSCRIPT_1	ID_23782	0.00	-4.70	7.76	3.57	1.95	4.92
	1.00	LOCUS_48012.3_TRANSCRIPT_1	ID_23784	0.00	-3.74	81.70	109.58	76.00	105.48
	1.00	LOCUS_48013.0_TRANSCRIPT_6	ID_23789	0.00	-0.48	2.30	1.06	-0.08	2.06
	1.00	LOCUS_48023.1_TRANSCRIPT_1	ID_23806	0.00	-1.29	10.18	7.25	-1.58	5.19
	1.00	LOCUS_48045.0_TRANSCRIPT_1	ID_23839	0.00	-253.28	512.56	302.21	26.41	227.43
	1.00	LOCUS_48065.0_TRANSCRIPT_2	ID_23856	0.00	-44.06	21.28	48.89	-4.72	20.76
	1.00	LOCUS_48098.0_TRANSCRIPT_1	ID_23898	0.00	-7.00	14.78	3.44	-1.36	8.85
	1.00	LOCUS_48130.0_TRANSCRIPT_1	ID_23943	0.00	-1.29	2.20	2.38	-0.64	1.08
	1.00	LOCUS_48131.0_TRANSCRIPT_2	ID_23945	0.00	-3.24	-0.97	0.67	-0.18	0.50
	1.00	LOCUS_48151.0_TRANSCRIPT_1	ID_23964	0.00	-0.88	3.54	3.08	0.30	2.74
	1.00	LOCUS_48156.0_TRANSCRIPT_2	ID_23971	0.00	-33.66	4.91	6.95	-24.55	3.94
	1.00	LOCUS_48179.0_TRANSCRIPT_2	ID_24008	0.00	-4.32	23.37	19.63	2.74	13.87
	1.00	LOCUS_48214.0_TRANSCRIPT_2	ID_24050	0.00	-0.24	1.22	1.00	0.63	0.81
	1.00	LOCUS_48221.0_TRANSCRIPT_1	ID_24059	0.00	-5.61	7.26	5.21	-2.12	4.74
	1.00	LOCUS_48231.0_TRANSCRIPT_1	ID_24074	0.00	-0.31	0.88	1.72	-0.19	1.23
	1.00	LOCUS_48231.1_TRANSCRIPT_1	ID_24075	0.00	-2.03	4.81	5.18	0.49	5.45
	1.00	LOCUS_48244.0_TRANSCRIPT_2	ID_24094	0.00	-0.76	0.03	0.44	-0.15	0.75
	1.00	LOCUS_48255.0_TRANSCRIPT_3	ID_24120	0.00	-47.81	2.97	15.58	-11.54	42.24
	1.00	LOCUS_48259.1_TRANSCRIPT_1	ID_24130	0.00	-1.78	43.22	26.72	23.98	26.36
	1.00	LOCUS_48262.0_TRANSCRIPT_2	ID_24134	0.00	-0.56	3.93	2.45	1.27	2.55
	1.00	LOCUS_48339.0_TRANSCRIPT_1	ID_24231	0.00	-2.20	4.18	2.23	0.70	3.95
	1.00	LOCUS_48346.0_TRANSCRIPT_1	ID_24237	0.00	-1.00	1.14	1.12	-0.70	0.15
	1.00	LOCUS_48354.0_TRANSCRIPT_2	ID_24247	0.00	-0.26	7.44	5.10	1.72	4.19
	1.00	LOCUS_48355.0_TRANSCRIPT_1	ID_24248	0.00	0.02	22.84	22.94	12.38	21.20
	1.00	LOCUS_48377.0_TRANSCRIPT_8	ID_24280	0.00	-0.03	1.34	1.93	0.88	1.92
	1.00	LOCUS_48413.1_TRANSCRIPT_1	ID_24333	0.00	-26.37	14.78	22.64	10.62	14.91
	1.00	LOCUS_48432.1_TRANSCRIPT_12	ID_24363	0.00	-1.05	3.04	2.52	0.62	2.18
	1.00	LOCUS_48456.0_TRANSCRIPT_1	ID_24403	0.00	0.09	1.11	0.80	0.32	1.30
	1.00	LOCUS_48484.0_TRANSCRIPT_1	ID_24436	0.00	-7.55	25.22	37.41	17.04	34.95
	1.00	LOCUS_48510.0_TRANSCRIPT_3	ID_24471	0.00	-0.34	0.81	0.12	0.15	0.61
	1.00	LOCUS_48511.0_TRANSCRIPT_1	ID_24472	0.00	-0.38	184.37	144.40	47.94	109.09
	1.00	LOCUS_48521.0_TRANSCRIPT_6	ID_24479	0.00	0.00	0.82	1.09	0.55	1.26
	1.00	LOCUS_48545.0_TRANSCRIPT_5	ID_24512	0.00	5.57	97.55	84.02	26.26	58.86
	1.00	LOCUS_48545.0_TRANSCRIPT_6	ID_24513	0.00	-5.23	40.94	30.53	29.99	30.57
	1.00	LOCUS_48562.0_TRANSCRIPT_1	ID_24541	0.00	-24.20	34.87	6.36	-2.27	14.01
	1.00	LOCUS_48645.0_TRANSCRIPT_1	ID_24661	0.00	0.48	15.22	8.10	5.23	10.03
	1.00	LOCUS_48675.3_TRANSCRIPT_2	ID_24706	0.00	-0.06	1.26	0.57	0.56	0.69
	1.00	LOCUS_48685.0_TRANSCRIPT_2	ID_24719	0.00	-16.22	25.53	7.90	-7.18	11.56
	1.00	LOCUS_48693.0_TRANSCRIPT_1	ID_24742	0.00	-0.99	2.23	1.77	0.22	0.98
	1.00	LOCUS_48704.1_TRANSCRIPT_5	ID_24757	0.00	0.03	2.00	1.82	0.24	2.84
	1.00	LOCUS_48708.0_TRANSCRIPT_1	ID_24760	0.00	-7.28	14.60	8.47	5.52	17.81
	1.00	LOCUS_48807.0_TRANSCRIPT_1	ID_24897	0.00	-7.36	4.99	23.01	4.39	20.67
	1.00	LOCUS_48825.0_TRANSCRIPT_1	ID_24910	0.00	-0.30	55.70	48.01	17.19	28.99
	1.00	LOCUS_48853.0_TRANSCRIPT_1	ID_24952	0.00	-1.34	23.27	20.12	5.29	15.86
	1.00	LOCUS_48869.1_TRANSCRIPT_1	ID_24974	0.00	-70.82	46.47	13.73	-26.27	0.73
	1.00	LOCUS_48901.0_TRANSCRIPT_1	ID_25010	0.00	-14.77	6.07	2.26	-10.97	-2.35
	1.00	LOCUS_48946.0_TRANSCRIPT_5	ID_25081	0.00	-0.88	1.92	1.41	-0.17	1.50
	1.00	LOCUS_48967.0_TRANSCRIPT_1	ID_25109	0.00	-16.75	52.47	30.58	18.32	30.45
	1.00	LOCUS_48977.0_TRANSCRIPT_13	ID_25123	0.00	0.04	0.86	1.05	0.14	1.14
	1.00	LOCUS_48985.0_TRANSCRIPT_4	ID_25139	0.00	-0.35	8.43	4.81	2.48	5.19
	1.00	LOCUS_49005.0_TRANSCRIPT_1	ID_25163	0.00	-11.66	2.94	3.07	-8.11	5.63
	1.00	LOCUS_49035.0_TRANSCRIPT_4	ID_25192	0.00	-9.49	42.85	29.06	0.75	37.91
	1.00	LOCUS_49049.0_TRANSCRIPT_2	ID_25216	0.00	0.68	23.74	19.76	11.51	14.23
	1.00	LOCUS_49056.0_TRANSCRIPT_4	ID_25225	0.00	-1.73	1.07	2.75	0.45	4.12
	1.00	LOCUS_49069.2_TRANSCRIPT_1	ID_25250	0.00	-5.08	1.94	6.52	0.41	5.48
	1.00	LOCUS_49121.1_TRANSCRIPT_1	ID_25313	0.00	22.02	100.78	88.55	13.36	109.55
	1.00	LOCUS_49124.0_TRANSCRIPT_1	ID_25314	0.00	-1.49	33.76	26.41	16.40	16.50
	1.00	LOCUS_49142.0_TRANSCRIPT_2	ID_25338	0.00	-1.18	3.81	2.95	1.20	5.27
	1.00	LOCUS_49160.0_TRANSCRIPT_2	ID_25356	0.00	-0.33	0.36	0.68	-0.37	0.71
	1.00	LOCUS_49167.0_TRANSCRIPT_1	ID_25366	0.00	-0.79	81.79	31.19	45.50	59.94
	1.00	LOCUS_49199.2_TRANSCRIPT_1	ID_25422	0.00	-14.96	2.52	-0.30	-13.15	-0.24
	1.00	LOCUS_49209.1_TRANSCRIPT_2	ID_25436	0.00	-0.03	2.17	1.75	1.20	2.08
	1.00	LOCUS_49209.1_TRANSCRIPT_4	ID_25437	0.00	-0.23	1.37	0.58	0.02	0.71
	1.00	LOCUS_49223.0_TRANSCRIPT_1	ID_25478	0.00	0.26	3.82	2.55	1.22	3.02
	1.00	LOCUS_49237.0_TRANSCRIPT_2	ID_25497	0.00	-0.38	1.46	1.93	0.69	1.51
	1.00	LOCUS_49238.2_TRANSCRIPT_1	ID_25500	0.00	-5.73	13.49	8.92	-0.61	10.65
	1.00	LOCUS_49249.0_TRANSCRIPT_10	ID_25519	0.00	-9.69	3.87	3.16	-5.53	3.12
	1.00	LOCUS_49255.0_TRANSCRIPT_4	ID_25526	0.00	-6.35	5.74	13.81	-2.02	11.37
	1.00	LOCUS_49257.0_TRANSCRIPT_1	ID_25528	0.00	-27.52	14.55	8.19	-4.06	16.25
	1.00	LOCUS_49280.0_TRANSCRIPT_1	ID_25559	0.00	-20.95	5.42	5.53	-13.58	8.97
	1.00	LOCUS_49300.0_TRANSCRIPT_8	ID_25589	0.00	-0.09	4.80	3.08	3.48	4.22
	1.00	LOCUS_49304.0_TRANSCRIPT_2	ID_25599	0.00	-1.85	1.29	0.76	-1.34	0.95
	1.00	LOCUS_49311.1_TRANSCRIPT_4	ID_25614	0.00	-8.84	-1.15	7.89	-3.71	4.21
	1.00	LOCUS_49315.0_TRANSCRIPT_9	ID_25620	0.00	-0.11	1.63	0.77	0.71	1.04
	1.00	LOCUS_49317.0_TRANSCRIPT_2	ID_25623	0.00	-0.04	1.37	0.98	0.15	0.78
	1.00	LOCUS_49327.3_TRANSCRIPT_1	ID_25651	0.00	-0.40	1.57	1.47	1.02	1.12
	1.00	LOCUS_49340.0_TRANSCRIPT_3	ID_25669	0.00	-0.15	1.14	1.15	0.58	0.83
	1.00	LOCUS_49360.0_TRANSCRIPT_1	ID_25700	0.00	-15.83	36.34	14.70	-1.05	13.86
	1.00	LOCUS_49397.0_TRANSCRIPT_3	ID_25753	0.00	-0.66	0.89	0.29	-0.49	0.95
	1.00	LOCUS_49411.0_TRANSCRIPT_1	ID_25767	0.00	-6.83	19.11	7.67	5.47	8.67
	1.00	LOCUS_49421.3_TRANSCRIPT_1	ID_25778	0.00	0.28	5.08	5.11	2.59	6.05
	1.00	LOCUS_49451.0_TRANSCRIPT_6	ID_25825	0.00	-0.14	0.88	0.71	0.29	0.63
	1.00	LOCUS_49460.0_TRANSCRIPT_14	ID_25835	0.00	-49.84	811.86	758.80	351.90	1,027.63
	1.00	LOCUS_49484.0_TRANSCRIPT_1	ID_25865	0.00	-4.54	9.68	13.67	6.72	12.49
	1.00	LOCUS_49503.0_TRANSCRIPT_1	ID_25887	0.00	-0.19	4.48	7.55	2.53	6.79
	1.00	LOCUS_49507.0_TRANSCRIPT_1	ID_25896	0.00	-1.08	2.01	5.01	1.13	6.91
	1.00	LOCUS_49508.0_TRANSCRIPT_4	ID_25898	0.00	-29.73	135.26	273.30	32.94	193.25
	1.00	LOCUS_49526.0_TRANSCRIPT_1	ID_25923	0.00	-6.55	61.76	47.91	26.89	74.02
	1.00	LOCUS_49530.0_TRANSCRIPT_28	ID_25929	0.00	0.03	2.00	2.31	1.10	1.53
	1.00	LOCUS_49556.2_TRANSCRIPT_11	ID_25962	0.00	-46.69	0.99	1.92	-24.68	8.21
	1.00	LOCUS_49586.0_TRANSCRIPT_1	ID_26004	0.00	-5.76	0.83	3.64	1.49	6.07
	1.00	LOCUS_49593.0_TRANSCRIPT_10	ID_26010	0.00	-0.70	3.41	1.94	-0.20	2.04
	1.00	LOCUS_49621.0_TRANSCRIPT_1	ID_26046	0.00	-4.37	10.46	5.63	3.52	4.78
	1.00	LOCUS_49640.0_TRANSCRIPT_1	ID_26075	0.00	-0.55	15.89	21.40	4.39	20.14
	1.00	LOCUS_49653.0_TRANSCRIPT_1	ID_26085	0.00	0.12	1.85	1.67	1.41	1.70
	1.00	LOCUS_49671.1_TRANSCRIPT_1	ID_26105	0.00	-0.01	11.48	13.48	3.10	22.13
	1.00	LOCUS_49680.2_TRANSCRIPT_1	ID_26117	0.00	0.07	1.91	1.41	1.04	1.10
	1.00	LOCUS_49692.0_TRANSCRIPT_3	ID_26129	0.00	-0.67	1.36	1.31	0.05	0.86
	1.00	LOCUS_49694.1_TRANSCRIPT_2	ID_26133	0.00	-0.63	1.51	1.26	0.08	0.59
	1.00	LOCUS_49707.0_TRANSCRIPT_1	ID_26145	0.00	-0.68	6.45	4.44	3.89	6.47
	1.00	LOCUS_49723.0_TRANSCRIPT_12	ID_26167	0.00	-0.02	6.28	6.21	3.41	3.56
	1.00	LOCUS_49744.0_TRANSCRIPT_1	ID_26186	0.00	-5.86	4.48	9.14	-1.34	10.11
	1.00	LOCUS_49773.1_TRANSCRIPT_1	ID_26224	0.00	-1.15	2.06	0.54	0.67	1.11
	1.00	LOCUS_49773.1_TRANSCRIPT_2	ID_26225	0.00	-1.83	-0.07	1.79	0.61	1.96
	1.00	LOCUS_49776.0_TRANSCRIPT_4	ID_26230	0.00	-0.09	2.82	1.94	0.71	2.22
	1.00	LOCUS_49785.0_TRANSCRIPT_1	ID_26250	0.00	-0.61	5.43	3.00	1.01	3.11
	1.00	LOCUS_49804.0_TRANSCRIPT_2	ID_26272	0.00	-0.02	1.64	0.92	0.47	1.29
	1.00	LOCUS_49831.0_TRANSCRIPT_4	ID_26314	0.00	-9.09	4.93	-2.19	-5.95	5.81
	1.00	LOCUS_49837.1_TRANSCRIPT_1	ID_26326	0.00	-2.85	1.95	0.72	-2.07	0.63
	1.00	LOCUS_49858.0_TRANSCRIPT_2	ID_26358	0.00	-0.72	25.25	7.90	8.44	19.24
	1.00	LOCUS_49904.0_TRANSCRIPT_1	ID_26414	0.00	-10.95	43.21	20.21	33.20	33.23
	1.00	LOCUS_49904.3_TRANSCRIPT_1	ID_26418	0.00	-1.38	10.79	9.86	6.09	12.41
	1.00	LOCUS_49904.4_TRANSCRIPT_1	ID_26419	0.00	-0.14	37.10	18.07	20.16	28.57
	1.00	LOCUS_49920.0_TRANSCRIPT_3	ID_26450	0.00	-2.07	7.87	5.63	3.34	6.79
	1.00	LOCUS_49929.1_TRANSCRIPT_1	ID_26465	0.00	-28.80	29.85	22.79	1.39	28.39
	1.00	LOCUS_49933.2_TRANSCRIPT_11	ID_26470	0.00	-0.52	0.90	0.52	-0.19	0.61
	1.00	LOCUS_50014.0_TRANSCRIPT_2	ID_26605	0.00	-8.77	15.26	6.28	-2.26	8.86
	1.00	LOCUS_50030.0_TRANSCRIPT_4	ID_26624	0.00	-7.11	8.86	6.13	5.09	8.35
	1.00	LOCUS_50033.0_TRANSCRIPT_1	ID_26625	0.00	-6.83	30.71	27.73	13.03	16.71
	1.00	LOCUS_50041.0_TRANSCRIPT_1	ID_26634	0.00	-0.09	5.22	4.32	1.95	3.46
	1.00	LOCUS_50052.0_TRANSCRIPT_1	ID_26649	0.00	-4.16	-0.05	2.17	-0.81	4.86
	1.00	LOCUS_50055.0_TRANSCRIPT_1	ID_26657	0.00	-0.11	1.82	1.74	0.52	1.09
	1.00	LOCUS_50103.0_TRANSCRIPT_4	ID_26712	0.00	0.44	44.61	32.07	8.30	30.33
	1.00	LOCUS_50125.2_TRANSCRIPT_2	ID_26743	0.00	-11.17	24.34	9.87	5.69	32.50
	1.00	LOCUS_50168.1_TRANSCRIPT_1	ID_26801	0.00	-2.67	32.95	37.79	25.57	31.55
	1.00	LOCUS_50175.0_TRANSCRIPT_3	ID_26811	0.00	-1.86	6.65	4.41	3.33	4.16
	1.00	LOCUS_50188.0_TRANSCRIPT_1	ID_26844	0.00	-0.59	9.33	10.08	3.86	17.75
	1.00	LOCUS_50205.0_TRANSCRIPT_1	ID_26866	0.00	-10.85	597.07	1,068.48	491.77	1,058.49
	1.00	LOCUS_50228.0_TRANSCRIPT_1	ID_26903	0.00	-7.26	28.07	27.50	9.07	15.77
	1.00	LOCUS_50258.0_TRANSCRIPT_2	ID_26950	0.00	0.01	2.12	0.99	0.89	1.95
	1.00	LOCUS_50300.1_TRANSCRIPT_4	ID_27022	0.00	-1.48	7.09	5.80	0.03	4.94
	1.00	LOCUS_50304.0_TRANSCRIPT_1	ID_27031	0.00	-14.92	5.90	10.27	1.94	22.90
	1.00	LOCUS_50323.0_TRANSCRIPT_3	ID_27059	0.00	-1.50	4.85	2.77	1.66	5.63
	1.00	LOCUS_50324.1_TRANSCRIPT_1	ID_27064	0.00	-6.07	22.51	27.55	10.71	14.40
	1.00	LOCUS_50334.1_TRANSCRIPT_1	ID_27092	0.00	-1.38	0.52	0.48	-0.02	0.74
	1.00	LOCUS_50359.2_TRANSCRIPT_2	ID_27119	0.00	-0.12	1.50	1.05	0.02	1.49
	1.00	LOCUS_50382.0_TRANSCRIPT_8	ID_27160	0.00	-1.92	3.08	-0.02	-0.06	1.16
	1.00	LOCUS_50386.0_TRANSCRIPT_1	ID_27171	0.00	-1.62	227.69	203.78	129.75	186.17
	1.00	LOCUS_50398.0_TRANSCRIPT_1	ID_27188	0.00	-2.20	2.27	1.97	-0.44	2.06
	1.00	LOCUS_50417.0_TRANSCRIPT_6	ID_27209	0.00	-32.92	98.34	119.72	-4.98	47.15
	1.00	LOCUS_50422.0_TRANSCRIPT_4	ID_27217	0.00	-1.04	0.24	0.03	-0.39	0.86
	1.00	LOCUS_50425.0_TRANSCRIPT_1	ID_27220	0.00	-1.02	1.08	0.40	-0.02	1.31
	1.00	LOCUS_50435.1_TRANSCRIPT_1	ID_27236	0.00	-0.42	4.21	3.27	1.61	3.87
	1.00	LOCUS_50457.0_TRANSCRIPT_5	ID_27262	0.00	-0.14	1.84	2.16	1.10	2.84
	1.00	LOCUS_50476.0_TRANSCRIPT_1	ID_27295	0.00	1.33	48.01	62.50	37.09	68.17
	1.00	LOCUS_50477.2_TRANSCRIPT_2	ID_27300	0.00	-0.60	2.96	2.63	1.27	1.73
	1.00	LOCUS_50505.0_TRANSCRIPT_5	ID_27339	0.00	-0.21	7.68	6.92	4.35	5.41
	1.00	LOCUS_50537.0_TRANSCRIPT_1	ID_27381	0.00	-19.84	10.68	5.58	-15.99	0.60
	1.00	LOCUS_50555.0_TRANSCRIPT_1	ID_27400	0.00	-7.36	8.41	12.71	2.70	5.31
	1.00	LOCUS_50566.1_TRANSCRIPT_24	ID_27418	0.00	-0.38	14.39	14.99	0.76	9.74
	1.00	LOCUS_50587.1_TRANSCRIPT_3	ID_27460	0.00	-6.20	17.79	4.06	5.52	11.47
	1.00	LOCUS_50613.0_TRANSCRIPT_9	ID_27495	0.00	-0.15	1.16	1.50	0.09	1.05
	1.00	LOCUS_50638.0_TRANSCRIPT_2	ID_27530	0.00	-0.67	2.15	1.89	0.57	0.77
	1.00	LOCUS_50655.0_TRANSCRIPT_5	ID_27559	0.00	-2.65	26.22	43.33	4.01	37.17
	1.00	LOCUS_50692.0_TRANSCRIPT_2	ID_27605	0.00	-1.56	3.11	0.59	0.93	1.36
	1.00	LOCUS_50706.0_TRANSCRIPT_1	ID_27624	0.00	-4.29	2.02	3.63	-1.75	-0.20
	1.00	LOCUS_50723.0_TRANSCRIPT_4	ID_27644	0.00	-0.30	3.99	3.60	2.46	5.12
	1.00	LOCUS_50727.0_TRANSCRIPT_8	ID_27647	0.00	-0.39	0.04	0.38	0.01	0.92
	1.00	LOCUS_50751.0_TRANSCRIPT_5	ID_27667	0.00	-0.28	1.06	0.57	0.07	0.63
	1.00	LOCUS_50771.0_TRANSCRIPT_2	ID_27689	0.00	-0.58	4.65	1.73	1.65	2.54
	1.00	LOCUS_50784.2_TRANSCRIPT_1	ID_27710	0.00	-16.06	71.75	13.94	22.55	53.46
	1.00	LOCUS_50784.5_TRANSCRIPT_1	ID_27713	0.00	-11.27	7.55	3.36	-3.59	2.78
	1.00	LOCUS_50795.0_TRANSCRIPT_1	ID_27728	0.00	12.57	103.98	107.05	57.38	156.63
	1.00	LOCUS_50837.0_TRANSCRIPT_1	ID_27801	0.00	-52.73	-1.82	34.69	-16.64	19.02
	1.00	LOCUS_50865.2_TRANSCRIPT_1	ID_27836	0.00	-0.03	113.26	95.31	35.05	71.17
	1.00	LOCUS_50870.1_TRANSCRIPT_1	ID_27842	0.00	-5.19	37.19	21.96	7.98	20.11
	1.00	LOCUS_50897.0_TRANSCRIPT_4	ID_27892	0.00	-25.77	4.48	18.53	-9.16	23.17
	1.00	LOCUS_50911.4_TRANSCRIPT_4	ID_27907	0.00	-2.01	11.56	5.93	8.59	11.73
	1.00	LOCUS_50929.0_TRANSCRIPT_12	ID_27931	0.00	-0.66	0.92	0.33	-0.49	0.36
	1.00	LOCUS_50941.0_TRANSCRIPT_1	ID_27952	0.00	-8.23	31.68	20.29	4.12	18.57
	1.00	LOCUS_50968.0_TRANSCRIPT_1	ID_27979	0.00	0.08	2.24	1.30	0.31	1.36
	1.00	LOCUS_50968.0_TRANSCRIPT_2	ID_27980	0.00	-4.73	14.81	5.21	0.04	9.68
	1.00	LOCUS_50999.0_TRANSCRIPT_17	ID_28016	0.00	-0.22	2.06	2.56	0.99	2.10
	1.00	LOCUS_50999.0_TRANSCRIPT_20	ID_28017	0.00	-0.15	10.59	8.07	4.99	7.89
	1.00	LOCUS_50999.0_TRANSCRIPT_4	ID_28018	0.00	0.02	5.30	6.07	2.57	3.82
	1.00	LOCUS_51014.0_TRANSCRIPT_1	ID_28034	0.00	-0.59	2.13	1.02	-0.02	1.47
	1.00	LOCUS_51081.1_TRANSCRIPT_4	ID_28126	0.00	-6.44	11.89	16.06	1.51	5.11
	1.00	LOCUS_51092.0_TRANSCRIPT_1	ID_28142	0.00	-0.68	10.45	8.19	4.79	14.27
	1.00	LOCUS_51122.2_TRANSCRIPT_1	ID_28188	0.00	-1.11	0.42	0.87	-0.77	0.50
	1.00	LOCUS_51122.4_TRANSCRIPT_1	ID_28190	0.00	-0.62	1.30	1.14	-0.17	0.35
	1.00	LOCUS_51126.1_TRANSCRIPT_12	ID_28197	0.00	-0.42	1.30	0.92	0.22	1.64
	1.00	LOCUS_51150.0_TRANSCRIPT_6	ID_28226	0.00	0.01	2.29	1.25	1.30	1.69
	1.00	LOCUS_51154.0_TRANSCRIPT_1	ID_28234	0.00	-1.82	16.01	9.20	0.62	15.64
	1.00	LOCUS_51155.0_TRANSCRIPT_6	ID_28238	0.00	-0.40	1.20	0.95	0.90	1.57
	1.00	LOCUS_51159.0_TRANSCRIPT_2	ID_28244	0.00	-0.79	2.13	2.12	0.43	2.42
	1.00	LOCUS_51164.0_TRANSCRIPT_1	ID_28252	0.00	-8.04	8.67	3.34	-3.47	10.75
	1.00	LOCUS_51175.0_TRANSCRIPT_9	ID_28262	0.00	-0.00	1.32	1.17	0.33	0.97
	1.00	LOCUS_51189.0_TRANSCRIPT_1	ID_28277	0.00	-0.81	1.30	1.92	0.36	2.19
	1.00	LOCUS_51196.1_TRANSCRIPT_7	ID_28292	0.00	-17.88	0.82	10.21	2.60	16.07
	1.00	LOCUS_51211.0_TRANSCRIPT_3	ID_28320	0.00	-6.83	14.56	14.28	-2.56	8.90
	1.00	LOCUS_51220.0_TRANSCRIPT_9	ID_28333	0.00	-0.14	2.14	1.29	1.37	2.70
	1.00	LOCUS_51224.0_TRANSCRIPT_4	ID_28335	0.00	-10.34	15.62	14.78	-8.23	3.69
	1.00	LOCUS_51313.0_TRANSCRIPT_8	ID_28432	0.00	0.32	10.68	15.16	1.46	12.63
	1.00	LOCUS_51332.0_TRANSCRIPT_1	ID_28458	0.00	-3.89	3.70	4.11	1.37	2.01
	1.00	LOCUS_51337.0_TRANSCRIPT_1	ID_28464	0.00	-21.87	223.85	232.15	-0.89	125.15
	1.00	LOCUS_51371.0_TRANSCRIPT_4	ID_28500	0.00	-1.80	3.73	3.65	-1.10	1.72
	1.00	LOCUS_51372.0_TRANSCRIPT_1	ID_28501	0.00	-0.08	12.55	6.36	5.89	11.17
	1.00	LOCUS_51375.0_TRANSCRIPT_1	ID_28515	0.00	-4.67	9.60	13.95	-4.77	5.64
	1.00	LOCUS_51430.0_TRANSCRIPT_1	ID_28572	0.00	0.09	2.82	2.23	1.85	3.45
	1.00	LOCUS_51453.0_TRANSCRIPT_1	ID_28596	0.00	-0.34	116.80	69.24	11.42	68.35
	1.00	LOCUS_51492.0_TRANSCRIPT_1	ID_28634	0.00	-4.29	5.21	6.23	1.73	5.87
	1.00	LOCUS_51496.0_TRANSCRIPT_1	ID_28638	0.00	-15.04	47.93	39.35	22.38	34.45
	1.00	LOCUS_51532.0_TRANSCRIPT_1	ID_28673	0.00	-35.75	20.88	-2.99	-13.86	19.07
	1.00	LOCUS_51546.0_TRANSCRIPT_1	ID_28685	0.00	-1.63	1.81	3.56	-1.47	2.20
	1.00	LOCUS_51547.0_TRANSCRIPT_1	ID_28686	0.00	-0.08	36.59	24.96	20.88	24.79
	1.00	LOCUS_51559.0_TRANSCRIPT_1	ID_28697	0.00	-0.55	2.77	4.01	1.74	3.16
	1.00	LOCUS_51569.0_TRANSCRIPT_1	ID_28705	0.00	-0.24	45.90	27.13	9.87	49.80
	1.00	LOCUS_51601.0_TRANSCRIPT_1	ID_28735	0.00	-0.11	4.47	3.30	2.07	2.92
	1.00	LOCUS_51613.0_TRANSCRIPT_1	ID_28744	0.00	-0.05	4.37	4.92	1.12	3.10
	1.00	LOCUS_51616.0_TRANSCRIPT_1	ID_28747	0.00	-0.39	2.48	1.23	1.17	1.45
	1.00	LOCUS_51626.0_TRANSCRIPT_1	ID_28753	0.00	-0.81	0.82	0.60	0.47	1.08
	1.00	LOCUS_51635.0_TRANSCRIPT_1	ID_28761	0.00	-0.09	0.72	1.00	0.27	0.72
	1.00	LOCUS_51661.0_TRANSCRIPT_1	ID_28775	0.00	-0.23	1.66	0.79	-0.01	1.54
	1.00	LOCUS_51677.0_TRANSCRIPT_1	ID_28786	0.00	-0.87	1.10	1.82	0.28	2.70
	1.00	LOCUS_51732.0_TRANSCRIPT_1	ID_28820	0.00	0.01	1.17	0.82	0.50	0.99
	1.00	LOCUS_51759.0_TRANSCRIPT_1	ID_28832	0.00	-0.41	0.86	0.56	0.47	0.87
	1.00	LOCUS_51774.0_TRANSCRIPT_1	ID_28841	0.00	-0.11	1.34	1.59	-0.37	1.02
	1.00	LOCUS_51805.0_TRANSCRIPT_1	ID_28860	0.00	-0.26	1.41	1.90	0.26	0.91
	1.00	LOCUS_52007.0_TRANSCRIPT_1	ID_28955	0.00	-0.71	-0.06	0.42	-0.08	0.35
	1.00	LOCUS_52141.0_TRANSCRIPT_1	ID_29017	0.00	-0.05	1.05	0.61	0.57	0.62
	1.00	LOCUS_52612.0_TRANSCRIPT_1	ID_29209	0.00	-0.11	0.82	0.70	0.26	1.33
	1.00	LOCUS_53068.0_TRANSCRIPT_1	ID_29371	0.00	-0.01	1.12	0.72	0.70	1.25
	1.00	LOCUS_53098.0_TRANSCRIPT_1	ID_29385	0.00	-0.09	3.13	3.03	1.92	3.19
	1.00	LOCUS_53198.0_TRANSCRIPT_1	ID_29418	0.00	-0.26	1.18	1.81	-0.15	1.08
	1.00	LOCUS_54526.0_TRANSCRIPT_1	ID_29836	0.00	0.09	1.83	1.21	1.10	1.21
	1.00	LOCUS_59523.0_TRANSCRIPT_1	ID_31200	0.00	-0.21	1.14	0.44	0.52	0.80
	1.00	LOCUS_59668.0_TRANSCRIPT_1	ID_31239	0.00	-0.02	1.20	1.80	0.20	2.26
	1.00	LOCUS_9682.0_TRANSCRIPT_1	ID_33089	0.00	-0.27	0.16	0.47	-0.00	0.77
	1.00	LOCUS_9721.0_TRANSCRIPT_1	ID_33110	0.00	-1.27	1.80	0.72	0.24	1.19
	1.00	LOCUS_9777.0_TRANSCRIPT_1	ID_33138	0.00	-0.83	0.34	0.47	-0.85	0.13
	1.00	LOCUS_9786.0_TRANSCRIPT_1	ID_33143	0.00	-0.09	1.62	0.54	0.56	1.04
	1.00	LOCUS_9832.0_TRANSCRIPT_1	ID_33164	0.00	-0.28	1.76	0.99	0.54	1.41
	1.00	LOCUS_11397.0_TRANSCRIPT_1	ID_33297	0.00	0.08	14.26	7.35	4.11	10.58
	1.00	LOCUS_11621.0_TRANSCRIPT_1	ID_33309	0.00	-0.01	0.68	0.97	-0.04	0.81
	1.00	LOCUS_12262.0_TRANSCRIPT_1	ID_33337	0.00	-0.04	1.40	0.74	0.52	0.81
	1.00	LOCUS_14259.0_TRANSCRIPT_1	ID_33406	0.00	-0.14	1.85	1.06	0.36	1.07
	1.00	LOCUS_17415.0_TRANSCRIPT_1	ID_33551	0.00	-0.09	1.05	0.65	0.45	0.62
	1.00	LOCUS_19350.1_TRANSCRIPT_1	ID_33631	0.00	-0.05	1.31	2.18	-0.05	2.16
	1.00	LOCUS_24078.0_TRANSCRIPT_1	ID_33811	0.00	-0.04	0.92	1.81	0.27	1.54
	1.00	LOCUS_27465.0_TRANSCRIPT_1	ID_33919	0.00	-0.06	0.80	1.31	0.14	0.87
	1.00	LOCUS_29021.0_TRANSCRIPT_1	ID_33992	0.00	-0.05	0.71	0.95	0.24	1.49
	1.00	LOCUS_30589.0_TRANSCRIPT_1	ID_34058	0.00	0.11	1.02	0.93	0.20	0.74
	1.00	LOCUS_34579.0_TRANSCRIPT_1	ID_34257	0.00	-0.03	0.92	1.10	0.57	0.72
	1.00	LOCUS_35350.1_TRANSCRIPT_1	ID_34300	0.00	-0.05	0.63	0.79	0.07	1.23
	1.00	LOCUS_35511.0_TRANSCRIPT_1	ID_34309	0.00	0.02	2.51	1.43	0.74	1.59
	1.00	LOCUS_39556.0_TRANSCRIPT_1	ID_34581	0.00	-0.04	6.48	5.15	4.50	5.34
	1.00	LOCUS_41022.0_TRANSCRIPT_1	ID_34684	0.00	0.01	4.81	3.96	2.09	6.91
	1.00	LOCUS_41582.0_TRANSCRIPT_1	ID_34718	0.00	-0.05	1.32	1.23	0.54	1.97
	1.00	LOCUS_42835.0_TRANSCRIPT_1	ID_34807	0.00	-0.06	4.63	1.96	1.03	3.32
	1.00	LOCUS_45114.0_TRANSCRIPT_2	ID_35009	0.00	-0.03	1.93	1.76	0.94	2.07
	1.00	LOCUS_47767.0_TRANSCRIPT_2	ID_35277	0.00	-0.26	0.84	0.31	0.04	0.37
	1.00	LOCUS_49130.0_TRANSCRIPT_3	ID_35414	0.00	-0.06	1.29	0.80	0.72	0.93
	1.00	LOCUS_50061.1_TRANSCRIPT_1	ID_35543	0.00	-0.56	1.87	2.23	1.91	2.59
	1.00	LOCUS_51182.0_TRANSCRIPT_1	ID_35699	0.00	-0.23	0.38	0.32	0.22	0.81
	1.00	LOCUS_51273.1_TRANSCRIPT_5	ID_35712	0.00	-0.06	1.45	1.27	0.85	1.45
	1.00	LOCUS_8833.0_TRANSCRIPT_1	ID_36566	0.00	0.03	2.21	2.20	0.67	1.30
	1.00	LOCUS_14488.1_TRANSCRIPT_1	ID_36746	0.00	0.12	2.00	2.25	0.71	2.97
	1.00	LOCUS_27478.0_TRANSCRIPT_1	ID_37177	0.00	0.06	6.81	3.26	1.69	4.45
	1.00	LOCUS_31853.0_TRANSCRIPT_2	ID_37327	0.00	0.04	0.75	1.31	0.23	2.00
	1.00	LOCUS_32831.0_TRANSCRIPT_1	ID_37376	0.00	0.06	2.26	2.34	1.24	1.56
	1.00	LOCUS_34749.0_TRANSCRIPT_1	ID_37450	0.00	0.03	1.59	1.03	0.45	1.25
	1.00	LOCUS_37755.0_TRANSCRIPT_1	ID_37563	0.00	0.06	1.31	1.58	0.55	1.38
	1.00	LOCUS_40440.0_TRANSCRIPT_2	ID_37665	0.00	0.09	1.61	0.78	0.75	1.26
	1.00	LOCUS_46848.0_TRANSCRIPT_2	ID_37983	0.00	0.20	1.29	0.56	0.62	0.91
	1.00	LOCUS_49907.1_TRANSCRIPT_1	ID_38178	0.00	0.06	2.20	1.84	0.15	3.07
	1.00	LOCUS_51643.0_TRANSCRIPT_1	ID_38291	0.00	0.04	1.86	2.25	1.15	2.88
	1.00	LOCUS_52377.0_TRANSCRIPT_1	ID_38323	0.00	0.03	2.19	2.78	1.38	2.20
	1.00	LOCUS_27519.0_TRANSCRIPT_1	ID_39403	0.00	0.06	1.03	1.03	0.11	1.56
	1.00	LOCUS_30706.0_TRANSCRIPT_1	ID_39448	0.00	0.10	5.29	3.66	1.55	4.58
	1.00	LOCUS_32489.0_TRANSCRIPT_1	ID_39481	0.00	0.03	1.13	0.91	0.18	0.71
	1.00	LOCUS_36793.0_TRANSCRIPT_1	ID_39579	0.00	0.06	2.16	2.43	0.64	2.83
	1.00	LOCUS_41843.0_TRANSCRIPT_1	ID_39693	0.00	0.07	1.24	0.72	0.55	0.77
	1.00	LOCUS_47503.0_TRANSCRIPT_10	ID_39867	0.00	0.04	1.70	1.16	0.50	1.14
	1.00	LOCUS_48390.0_TRANSCRIPT_2	ID_39895	0.00	0.03	1.76	1.74	0.55	1.01
	1.00	LOCUS_51031.1_TRANSCRIPT_1	ID_40011	0.00	0.04	1.47	1.51	0.80	1.67
	1.00	LOCUS_52623.0_TRANSCRIPT_1	ID_40048	0.00	0.05	3.83	2.58	0.15	3.33
	1.00	LOCUS_53539.0_TRANSCRIPT_1	ID_40071	0.00	0.03	1.97	1.02	1.24	1.28
	1.00	LOCUS_12841.0_TRANSCRIPT_1	ID_40773	0.00	0.00	3.12	3.12	1.30	2.45
	1.00	LOCUS_14879.0_TRANSCRIPT_1	ID_41010	0.00	0.00	1.87	1.23	0.18	1.27
	1.00	LOCUS_16050.0_TRANSCRIPT_1	ID_41165	0.00	0.00	1.92	2.55	0.70	3.01
	1.00	LOCUS_17942.0_TRANSCRIPT_1	ID_41424	0.00	0.00	3.17	2.17	1.66	2.83
	1.00	LOCUS_19247.0_TRANSCRIPT_1	ID_41588	0.00	0.00	1.76	1.84	0.62	1.02
	1.00	LOCUS_19962.0_TRANSCRIPT_1	ID_41680	0.00	0.00	1.29	0.84	0.43	0.85
	1.00	LOCUS_20219.0_TRANSCRIPT_1	ID_41716	0.00	0.00	1.03	1.35	0.34	1.17
	1.00	LOCUS_21323.0_TRANSCRIPT_1	ID_41857	0.00	0.00	1.11	0.72	0.48	0.90
	1.00	LOCUS_23212.0_TRANSCRIPT_1	ID_42122	0.00	0.00	1.45	1.31	0.60	0.98
	1.00	LOCUS_24717.0_TRANSCRIPT_1	ID_42314	0.00	0.00	1.08	0.88	0.39	0.63
	1.00	LOCUS_26631.0_TRANSCRIPT_1	ID_42489	0.00	0.00	1.20	0.88	0.16	1.06
	1.00	LOCUS_27117.0_TRANSCRIPT_1	ID_42559	0.00	0.00	1.31	1.25	0.62	1.26
	1.00	LOCUS_28716.0_TRANSCRIPT_1	ID_42704	0.00	0.00	1.23	0.64	0.36	0.89
	1.00	LOCUS_32226.0_TRANSCRIPT_1	ID_43132	0.00	0.00	0.70	1.76	0.53	1.85
	1.00	LOCUS_32392.1_TRANSCRIPT_1	ID_43160	0.00	0.00	1.22	0.87	0.24	0.72
	1.00	LOCUS_32408.0_TRANSCRIPT_1	ID_43162	0.00	0.00	0.81	1.11	0.00	1.40
	1.00	LOCUS_32809.0_TRANSCRIPT_1	ID_43227	0.00	0.00	1.41	1.09	0.08	1.77
	1.00	LOCUS_33896.1_TRANSCRIPT_1	ID_43369	0.00	0.00	4.53	5.18	3.82	5.98
	1.00	LOCUS_36159.0_TRANSCRIPT_2	ID_43639	0.00	0.00	0.56	1.10	0.36	1.42
	1.00	LOCUS_36365.0_TRANSCRIPT_1	ID_43669	0.00	0.00	1.68	1.62	0.38	1.30
	1.00	LOCUS_36394.1_TRANSCRIPT_1	ID_43671	0.00	0.00	1.06	1.07	0.21	0.82
	1.00	LOCUS_37031.0_TRANSCRIPT_1	ID_43760	0.00	0.00	3.31	2.93	1.78	2.68
	1.00	LOCUS_37431.0_TRANSCRIPT_1	ID_43812	0.00	0.00	1.64	0.62	1.00	1.42
	1.00	LOCUS_37947.0_TRANSCRIPT_1	ID_43879	0.00	0.00	1.89	1.41	1.24	1.28
	1.00	LOCUS_38964.0_TRANSCRIPT_1	ID_44023	0.00	0.00	1.08	0.98	0.75	0.96
	1.00	LOCUS_39372.0_TRANSCRIPT_1	ID_44095	0.00	0.00	2.25	1.34	0.89	2.46
	1.00	LOCUS_39392.0_TRANSCRIPT_2	ID_44098	0.00	0.00	1.64	2.37	1.13	1.85
	1.00	LOCUS_40768.0_TRANSCRIPT_2	ID_44297	0.00	0.00	4.79	2.47	0.53	3.24
	1.00	LOCUS_41172.0_TRANSCRIPT_1	ID_44354	0.00	0.00	1.42	1.85	0.65	1.61
	1.00	LOCUS_41287.1_TRANSCRIPT_1	ID_44374	0.00	0.00	1.07	1.42	0.44	1.71
	1.00	LOCUS_41545.1_TRANSCRIPT_1	ID_44419	0.00	0.00	2.05	1.48	0.11	2.51
	1.00	LOCUS_41754.0_TRANSCRIPT_1	ID_44453	0.00	0.00	1.67	0.77	0.53	1.07
	1.00	LOCUS_43616.0_TRANSCRIPT_1	ID_44735	0.00	0.00	4.41	2.50	3.18	3.32
	1.00	LOCUS_43778.0_TRANSCRIPT_1	ID_44761	0.00	0.00	2.52	3.06	1.07	5.16
	1.00	LOCUS_43857.0_TRANSCRIPT_2	ID_44772	0.00	0.00	1.22	0.42	0.48	0.97
	1.00	LOCUS_44357.0_TRANSCRIPT_1	ID_44849	0.00	0.00	1.33	0.60	0.24	1.01
	1.00	LOCUS_44384.0_TRANSCRIPT_2	ID_44858	0.00	0.00	2.72	2.00	0.62	1.49
	1.00	LOCUS_44863.0_TRANSCRIPT_2	ID_44932	0.00	0.00	1.47	1.58	0.62	0.90
	1.00	LOCUS_45896.6_TRANSCRIPT_2	ID_45126	0.00	0.00	2.70	1.92	1.59	1.62
	1.00	LOCUS_45951.0_TRANSCRIPT_2	ID_45134	0.00	0.00	6.78	7.13	1.18	3.84
	1.00	LOCUS_46130.1_TRANSCRIPT_5	ID_45168	0.00	0.00	1.74	1.27	0.42	1.35
	1.00	LOCUS_47131.0_TRANSCRIPT_2	ID_45353	0.00	0.00	2.95	2.27	0.62	2.37
	1.00	LOCUS_47255.0_TRANSCRIPT_2	ID_45378	0.00	0.00	1.19	2.57	0.70	2.75
	1.00	LOCUS_48040.0_TRANSCRIPT_3	ID_45557	0.00	0.00	1.79	0.98	0.52	1.11
	1.00	LOCUS_48239.1_TRANSCRIPT_5	ID_45602	0.00	0.00	3.39	2.24	2.20	3.69
	1.00	LOCUS_48780.0_TRANSCRIPT_4	ID_45721	0.00	0.00	0.80	1.02	0.44	1.11
	1.00	LOCUS_49726.0_TRANSCRIPT_1	ID_45938	0.00	0.00	1.40	1.94	1.07	2.12
	1.00	LOCUS_49988.0_TRANSCRIPT_2	ID_45984	0.00	0.00	10.68	5.70	7.16	9.13
	1.00	LOCUS_51238.0_TRANSCRIPT_1	ID_46300	0.00	0.00	3.15	3.06	2.14	3.49
	1.00	LOCUS_52222.0_TRANSCRIPT_1	ID_46441	0.00	0.00	2.07	1.97	1.00	1.59
	1.00	LOCUS_52743.0_TRANSCRIPT_1	ID_46548	0.00	0.00	1.23	0.90	0.49	0.94
	1.00	LOCUS_54901.0_TRANSCRIPT_1	ID_47046	0.00	0.00	0.91	1.98	0.38	2.06
	1.00	LOCUS_9715.0_TRANSCRIPT_1	ID_49803	0.00	0.00	0.88	1.11	0.52	0.99
