Gene Table for Profile 25 (0.0,0.0,1.0,-1.0,-1.0,-1.0)
Num. Genes Expected	Num. Genes Assigned	P-Value	Significant
996.0	749.0	1.4E-18	 (significant)
-------
Selected	Weight	trascript	SPOT	avg_norm_count_0d	avg_norm_count_1d	avg_norm_count_3d	avg_norm_count_5d	avg_norm_count_7d	avg_norm_count_9d
	1.00	LOCUS_10030.0_TRANSCRIPT_1	ID_13	0.00	-1.62	1.35	-1.66	-2.34	-1.33
	1.00	LOCUS_10060.0_TRANSCRIPT_1	ID_24	0.00	1.64	3.76	0.46	-0.39	0.25
	1.00	LOCUS_10077.0_TRANSCRIPT_1	ID_34	0.00	-5.17	5.51	-7.32	-7.43	-7.29
	1.00	LOCUS_10085.0_TRANSCRIPT_1	ID_36	0.00	-0.63	0.65	-1.13	-0.23	-1.19
	1.00	LOCUS_10200.0_TRANSCRIPT_1	ID_86	0.00	0.03	1.09	-2.38	-2.09	-2.41
	1.00	LOCUS_10205.0_TRANSCRIPT_1	ID_88	0.00	-0.24	1.20	-0.59	-0.44	-0.63
	1.00	LOCUS_10210.0_TRANSCRIPT_1	ID_91	0.00	-0.53	1.01	-2.69	-4.24	-3.15
	1.00	LOCUS_10263.0_TRANSCRIPT_1	ID_119	0.00	-2.06	2.70	-1.24	-3.11	-2.09
	1.00	LOCUS_10325.0_TRANSCRIPT_1	ID_145	0.00	0.12	0.66	-0.92	-1.56	-0.52
	1.00	LOCUS_10381.0_TRANSCRIPT_1	ID_169	0.00	-0.13	0.32	-0.57	-1.15	-0.41
	1.00	LOCUS_10458.0_TRANSCRIPT_1	ID_211	0.00	-0.72	-0.06	-0.97	-1.04	-1.06
	1.00	LOCUS_10692.0_TRANSCRIPT_1	ID_317	0.00	-0.14	0.34	-0.70	-0.76	-0.56
	1.00	LOCUS_10697.0_TRANSCRIPT_1	ID_321	0.00	-2.58	2.05	-4.28	-7.34	-2.99
	1.00	LOCUS_10781.0_TRANSCRIPT_1	ID_357	0.00	-0.62	0.32	-0.88	-0.58	-0.53
	1.00	LOCUS_11027.0_TRANSCRIPT_1	ID_476	0.00	197.12	200.89	-167.40	-201.69	-207.66
	1.00	LOCUS_11042.0_TRANSCRIPT_1	ID_486	0.00	-0.15	1.44	-0.18	-0.66	-0.45
	1.00	LOCUS_11136.0_TRANSCRIPT_2	ID_526	0.00	-10.07	0.46	-11.97	-14.94	-15.33
	1.00	LOCUS_11182.0_TRANSCRIPT_1	ID_553	0.00	-42.66	59.74	-88.84	-118.17	-126.17
	1.00	LOCUS_11248.0_TRANSCRIPT_1	ID_583	0.00	0.01	0.79	-0.44	-0.48	-0.24
	1.00	LOCUS_11333.0_TRANSCRIPT_1	ID_616	0.00	10.51	27.54	-15.76	-25.14	-22.67
	1.00	LOCUS_11466.0_TRANSCRIPT_1	ID_679	0.00	-0.25	0.34	-0.66	-0.95	-0.81
	1.00	LOCUS_11535.0_TRANSCRIPT_1	ID_710	0.00	-0.61	-0.03	-1.55	-2.04	-1.81
	1.00	LOCUS_11593.0_TRANSCRIPT_1	ID_733	0.00	-0.76	0.33	-1.06	-1.05	-0.93
	1.00	LOCUS_11595.0_TRANSCRIPT_1	ID_734	0.00	-0.96	0.14	-1.05	-1.79	-1.19
	1.00	LOCUS_11658.0_TRANSCRIPT_1	ID_756	0.00	0.23	0.44	-1.28	-1.47	-1.58
	1.00	LOCUS_11683.0_TRANSCRIPT_1	ID_766	0.00	-0.95	0.28	-1.05	-1.51	-1.01
	1.00	LOCUS_11693.0_TRANSCRIPT_1	ID_770	0.00	-0.61	2.17	-0.53	-0.68	-0.64
	1.00	LOCUS_11704.0_TRANSCRIPT_1	ID_776	0.00	-0.13	0.50	-1.77	-1.93	-1.81
	1.00	LOCUS_11816.0_TRANSCRIPT_1	ID_833	0.00	8.77	23.07	1.75	2.55	2.88
	1.00	LOCUS_11851.0_TRANSCRIPT_1	ID_850	0.00	-0.20	0.42	-0.94	-0.44	-0.77
	1.00	LOCUS_11981.0_TRANSCRIPT_1	ID_904	0.00	-0.34	-0.08	-2.72	-3.90	-2.07
	1.00	LOCUS_12056.0_TRANSCRIPT_1	ID_942	0.00	-0.77	0.28	-0.68	-0.96	-0.87
	1.00	LOCUS_12084.0_TRANSCRIPT_1	ID_960	0.00	-22.10	20.39	-110.57	-146.42	-141.64
	1.00	LOCUS_12103.0_TRANSCRIPT_1	ID_971	0.00	-0.11	0.14	-0.97	-0.98	-0.57
	1.00	LOCUS_12154.0_TRANSCRIPT_1	ID_993	0.00	-0.37	1.37	-0.66	-1.22	-1.05
	1.00	LOCUS_12438.0_TRANSCRIPT_1	ID_1111	0.00	81.40	256.84	-35.70	-10.76	-2.87
	1.00	LOCUS_12651.0_TRANSCRIPT_1	ID_1236	0.00	-93.60	33.58	-183.96	-258.87	-208.36
	1.00	LOCUS_12669.0_TRANSCRIPT_1	ID_1248	0.00	-14.38	11.03	-15.36	-9.65	-17.83
	1.00	LOCUS_12686.0_TRANSCRIPT_1	ID_1262	0.00	-44.09	-3.14	-63.46	-71.39	-71.65
	1.00	LOCUS_12729.0_TRANSCRIPT_1	ID_1287	0.00	0.69	1.25	-7.99	-6.32	-7.40
	1.00	LOCUS_12947.0_TRANSCRIPT_1	ID_1409	0.00	1.09	-0.18	-18.89	-17.25	-17.76
	1.00	LOCUS_13075.0_TRANSCRIPT_1	ID_1480	0.00	-1.35	-0.24	-5.74	-3.87	-4.14
	1.00	LOCUS_13078.0_TRANSCRIPT_1	ID_1482	0.00	20.18	14.07	-15.52	-10.21	-10.27
	1.00	LOCUS_13093.0_TRANSCRIPT_1	ID_1494	0.00	-5.09	8.01	-5.67	-5.30	-6.24
	1.00	LOCUS_13113.0_TRANSCRIPT_1	ID_1507	0.00	-0.83	16.60	-15.63	-14.76	-13.13
	1.00	LOCUS_13115.0_TRANSCRIPT_1	ID_1510	0.00	-1.41	1.05	-3.67	-1.58	-3.95
	1.00	LOCUS_13315.0_TRANSCRIPT_1	ID_1586	0.00	-1.42	0.03	-1.82	-2.46	-1.71
	1.00	LOCUS_13391.0_TRANSCRIPT_1	ID_1604	0.00	-2.59	2.61	-2.58	-2.55	-3.01
	1.00	LOCUS_13469.0_TRANSCRIPT_1	ID_1623	0.00	-0.37	0.48	-0.86	-0.84	-0.88
	1.00	LOCUS_1351.0_TRANSCRIPT_1	ID_1628	0.00	-0.41	0.51	-0.84	-0.46	-0.73
	1.00	LOCUS_13598.0_TRANSCRIPT_1	ID_1647	0.00	-1.17	0.74	-1.10	-1.05	-1.25
	1.00	LOCUS_13619.0_TRANSCRIPT_1	ID_1651	0.00	0.17	1.28	-1.36	-1.09	-1.25
	1.00	LOCUS_14206.0_TRANSCRIPT_1	ID_1798	0.00	-0.21	0.27	-1.24	-1.37	-1.18
	1.00	LOCUS_14345.0_TRANSCRIPT_1	ID_1831	0.00	-0.96	3.02	-0.99	-0.94	-1.11
	1.00	LOCUS_14362.0_TRANSCRIPT_1	ID_1835	0.00	-0.05	0.76	-0.42	-0.42	-0.86
	1.00	LOCUS_14528.1_TRANSCRIPT_1	ID_1880	0.00	-0.95	2.07	-0.79	-0.94	-1.01
	1.00	LOCUS_14557.0_TRANSCRIPT_1	ID_1888	0.00	-3.22	0.98	-4.05	-4.06	-2.93
	1.00	LOCUS_14829.0_TRANSCRIPT_1	ID_1966	0.00	0.15	1.34	-0.52	-0.76	-0.48
	1.00	LOCUS_14833.0_TRANSCRIPT_1	ID_1967	0.00	-0.62	0.92	-0.63	-0.38	-0.73
	1.00	LOCUS_14946.0_TRANSCRIPT_1	ID_1991	0.00	-0.91	1.42	-0.64	-0.96	-0.71
	1.00	LOCUS_15707.0_TRANSCRIPT_1	ID_2180	0.00	-0.19	0.55	-0.55	-0.48	-0.27
	1.00	LOCUS_15850.0_TRANSCRIPT_1	ID_2214	0.00	-1.29	1.35	-1.14	-1.12	-1.05
	1.00	LOCUS_15974.0_TRANSCRIPT_1	ID_2251	0.00	-0.32	0.71	-1.12	-1.32	-0.89
	1.00	LOCUS_16108.0_TRANSCRIPT_1	ID_2280	0.00	-0.47	-0.09	-1.52	-1.36	-1.23
	1.00	LOCUS_16115.0_TRANSCRIPT_1	ID_2283	0.00	-0.57	0.28	-0.72	-1.30	-0.99
	1.00	LOCUS_16272.0_TRANSCRIPT_1	ID_2319	0.00	-0.16	1.12	-1.02	-0.30	-1.85
	1.00	LOCUS_17355.0_TRANSCRIPT_1	ID_2563	0.00	0.10	0.13	-1.08	-0.73	-1.18
	1.00	LOCUS_17810.0_TRANSCRIPT_1	ID_2673	0.00	-0.27	0.94	-0.23	-0.37	-0.18
	1.00	LOCUS_18121.0_TRANSCRIPT_1	ID_2750	0.00	-2.05	0.66	-2.32	-2.48	-2.64
	1.00	LOCUS_18347.0_TRANSCRIPT_1	ID_2819	0.00	-0.50	0.25	-0.95	-0.92	-0.56
	1.00	LOCUS_18412.0_TRANSCRIPT_1	ID_2838	0.00	-1.48	1.52	-3.39	-3.70	-3.18
	1.00	LOCUS_18987.0_TRANSCRIPT_1	ID_3011	0.00	-0.42	0.40	-0.61	-1.06	-1.05
	1.00	LOCUS_19484.0_TRANSCRIPT_1	ID_3137	0.00	-0.93	1.66	-0.48	-2.06	-1.26
	1.00	LOCUS_19607.0_TRANSCRIPT_1	ID_3177	0.00	-1.17	1.31	-2.73	-1.84	-2.94
	1.00	LOCUS_20016.0_TRANSCRIPT_1	ID_3296	0.00	-1.41	0.98	-1.42	-1.66	-0.83
	1.00	LOCUS_20394.0_TRANSCRIPT_1	ID_3396	0.00	-0.22	0.23	-0.73	-0.82	-0.68
	1.00	LOCUS_20427.0_TRANSCRIPT_1	ID_3405	0.00	-0.55	-0.24	-1.27	-1.16	-1.14
	1.00	LOCUS_20481.0_TRANSCRIPT_1	ID_3420	0.00	0.30	0.86	-0.20	-0.31	-0.19
	1.00	LOCUS_21005.0_TRANSCRIPT_1	ID_3551	0.00	-0.62	0.11	-1.97	-1.86	-1.42
	1.00	LOCUS_21047.0_TRANSCRIPT_1	ID_3562	0.00	-0.24	0.96	-0.30	-0.64	-0.61
	1.00	LOCUS_21340.0_TRANSCRIPT_1	ID_3674	0.00	0.39	0.53	-0.71	-0.83	-0.77
	1.00	LOCUS_21453.0_TRANSCRIPT_1	ID_3710	0.00	-0.35	0.85	-1.87	-2.30	-2.10
	1.00	LOCUS_21464.0_TRANSCRIPT_1	ID_3712	0.00	-2,611.45	4,568.01	-2,326.37	-4,476.50	-3,996.96
	1.00	LOCUS_21625.0_TRANSCRIPT_1	ID_3781	0.00	-0.10	0.55	-0.34	-0.46	-0.36
	1.00	LOCUS_21666.0_TRANSCRIPT_1	ID_3795	0.00	-456.37	3,324.32	-486.25	-1,344.12	-557.79
	1.00	LOCUS_21668.1_TRANSCRIPT_1	ID_3798	0.00	8.30	26.45	-3.31	-0.58	-5.68
	1.00	LOCUS_21715.0_TRANSCRIPT_1	ID_3816	0.00	-0.20	-0.08	-1.04	-1.13	-0.69
	1.00	LOCUS_21768.0_TRANSCRIPT_1	ID_3839	0.00	-0.02	0.77	-0.89	-1.17	-0.77
	1.00	LOCUS_21979.0_TRANSCRIPT_1	ID_3940	0.00	-47.34	3.54	-58.55	-70.15	-65.87
	1.00	LOCUS_21994.0_TRANSCRIPT_1	ID_3946	0.00	-0.50	0.32	-1.34	-0.78	-0.95
	1.00	LOCUS_22209.0_TRANSCRIPT_1	ID_4027	0.00	-960.38	21.31	-1,198.34	-1,564.95	-1,539.86
	1.00	LOCUS_22330.0_TRANSCRIPT_1	ID_4074	0.00	-56.19	153.68	-31.04	-91.40	-89.93
	1.00	LOCUS_22469.0_TRANSCRIPT_1	ID_4123	0.00	-0.99	2.19	-1.19	-0.97	-0.95
	1.00	LOCUS_22502.0_TRANSCRIPT_1	ID_4135	0.00	-0.66	0.19	-0.86	-0.79	-0.80
	1.00	LOCUS_22671.0_TRANSCRIPT_1	ID_4213	0.00	-4.24	2.08	-4.88	-5.12	-7.08
	1.00	LOCUS_22761.0_TRANSCRIPT_1	ID_4255	0.00	-0.01	1.27	-0.18	-0.21	-0.35
	1.00	LOCUS_22879.0_TRANSCRIPT_1	ID_4290	0.00	-30.01	9.75	-45.87	-42.89	-38.54
	1.00	LOCUS_23021.0_TRANSCRIPT_1	ID_4346	0.00	-7.40	60.20	-16.11	-20.88	-20.66
	1.00	LOCUS_23103.0_TRANSCRIPT_1	ID_4384	0.00	-0.99	0.30	-2.31	-2.58	-2.44
	1.00	LOCUS_23175.0_TRANSCRIPT_1	ID_4411	0.00	-1.02	-0.00	-1.10	-1.19	-1.23
	1.00	LOCUS_23323.0_TRANSCRIPT_1	ID_4462	0.00	-3.48	2.42	-3.03	-4.57	-2.92
	1.00	LOCUS_23408.0_TRANSCRIPT_1	ID_4502	0.00	0.55	0.38	-1.04	-1.35	-1.23
	1.00	LOCUS_23472.0_TRANSCRIPT_1	ID_4524	0.00	-299.04	211.38	-391.27	-544.50	-546.59
	1.00	LOCUS_23533.0_TRANSCRIPT_1	ID_4545	0.00	-19.87	25.75	-38.18	-93.30	-31.41
	1.00	LOCUS_23536.0_TRANSCRIPT_1	ID_4546	0.00	-0.05	2.07	-0.58	-0.82	-0.70
	1.00	LOCUS_23560.0_TRANSCRIPT_1	ID_4554	0.00	-0.98	0.96	-1.61	-1.18	-1.36
	1.00	LOCUS_23572.0_TRANSCRIPT_1	ID_4560	0.00	2.29	7.49	-17.95	-21.62	-13.75
	1.00	LOCUS_23749.0_TRANSCRIPT_1	ID_4626	0.00	7.07	19.49	-0.09	-4.18	-3.16
	1.00	LOCUS_24070.0_TRANSCRIPT_1	ID_4735	0.00	-2.40	0.44	-2.25	-3.84	-3.83
	1.00	LOCUS_24126.0_TRANSCRIPT_1	ID_4752	0.00	-0.04	13.39	-3.82	-3.01	-4.35
	1.00	LOCUS_24145.0_TRANSCRIPT_1	ID_4757	0.00	-0.73	3.06	-1.41	-2.29	-2.36
	1.00	LOCUS_24160.0_TRANSCRIPT_1	ID_4764	0.00	-4.15	7.68	-3.12	-3.94	-4.50
	1.00	LOCUS_24409.0_TRANSCRIPT_1	ID_4840	0.00	0.14	0.43	-0.73	-0.59	-0.47
	1.00	LOCUS_24486.0_TRANSCRIPT_1	ID_4863	0.00	0.98	2.64	-2.63	-4.06	-3.85
	1.00	LOCUS_24510.0_TRANSCRIPT_1	ID_4873	0.00	-0.11	1.33	-0.40	-0.29	-0.31
	1.00	LOCUS_24511.0_TRANSCRIPT_1	ID_4874	0.00	0.54	4.10	-0.15	-0.20	-0.13
	1.00	LOCUS_24780.0_TRANSCRIPT_1	ID_4962	0.00	-0.07	1.81	-1.86	-1.77	-1.65
	1.00	LOCUS_24854.0_TRANSCRIPT_1	ID_4991	0.00	0.60	2.06	-1.27	-2.08	-1.70
	1.00	LOCUS_24899.0_TRANSCRIPT_1	ID_5002	0.00	-0.81	3.71	-1.29	-1.29	-1.52
	1.00	LOCUS_25155.0_TRANSCRIPT_1	ID_5080	0.00	-4.83	3.18	-6.33	-5.24	-7.25
	1.00	LOCUS_25173.0_TRANSCRIPT_1	ID_5086	0.00	2.80	1.48	-2.04	-1.54	-1.86
	1.00	LOCUS_25182.1_TRANSCRIPT_1	ID_5090	0.00	-1.67	0.34	-2.70	-3.46	-3.16
	1.00	LOCUS_25303.0_TRANSCRIPT_1	ID_5134	0.00	-3.55	-0.26	-4.78	-6.17	-4.24
	1.00	LOCUS_25312.0_TRANSCRIPT_1	ID_5137	0.00	-5.42	1.98	-7.38	-5.56	-5.19
	1.00	LOCUS_25387.0_TRANSCRIPT_1	ID_5173	0.00	-0.51	-0.20	-1.89	-1.89	-1.50
	1.00	LOCUS_25561.0_TRANSCRIPT_2	ID_5242	0.00	-0.96	0.22	-1.25	-1.86	-1.86
	1.00	LOCUS_25613.0_TRANSCRIPT_1	ID_5259	0.00	-0.98	0.35	-0.96	-0.97	-1.03
	1.00	LOCUS_25655.0_TRANSCRIPT_1	ID_5272	0.00	-0.31	5.15	-1.03	-2.25	-3.35
	1.00	LOCUS_25676.0_TRANSCRIPT_1	ID_5280	0.00	-0.91	0.11	-2.70	-2.29	-2.22
	1.00	LOCUS_25786.0_TRANSCRIPT_1	ID_5316	0.00	-1.54	2.34	-1.04	-1.08	-1.93
	1.00	LOCUS_25991.0_TRANSCRIPT_1	ID_5392	0.00	-0.46	0.62	-0.51	-0.50	-0.36
	1.00	LOCUS_26113.0_TRANSCRIPT_1	ID_5438	0.00	-0.46	0.62	-0.55	-0.72	-0.30
	1.00	LOCUS_26172.0_TRANSCRIPT_1	ID_5457	0.00	-0.32	0.69	-2.72	-2.27	-2.84
	1.00	LOCUS_26663.0_TRANSCRIPT_1	ID_5646	0.00	10.63	29.91	-1.86	-4.67	-7.67
	1.00	LOCUS_26782.0_TRANSCRIPT_1	ID_5702	0.00	0.13	0.95	-0.31	-0.57	-0.63
	1.00	LOCUS_26843.0_TRANSCRIPT_1	ID_5731	0.00	-15.65	5.86	-38.60	-40.99	-43.71
	1.00	LOCUS_26868.0_TRANSCRIPT_2	ID_5742	0.00	-28.09	51.49	-26.70	-41.49	-44.05
	1.00	LOCUS_26938.0_TRANSCRIPT_1	ID_5766	0.00	-1.13	1.07	-0.91	-1.03	-0.83
	1.00	LOCUS_27162.0_TRANSCRIPT_1	ID_5864	0.00	-19.52	27.94	-25.61	-42.92	-32.54
	1.00	LOCUS_27162.1_TRANSCRIPT_1	ID_5865	0.00	-8.21	16.51	-8.66	-30.57	-14.29
	1.00	LOCUS_27169.0_TRANSCRIPT_1	ID_5870	0.00	4.62	14.90	-3.60	-7.10	-5.69
	1.00	LOCUS_27276.0_TRANSCRIPT_1	ID_5924	0.00	18.70	14.04	-14.81	-19.00	-18.82
	1.00	LOCUS_27430.0_TRANSCRIPT_1	ID_6006	0.00	2.09	1.73	-17.58	-17.28	-17.23
	1.00	LOCUS_27432.0_TRANSCRIPT_1	ID_6008	0.00	-0.50	0.18	-0.76	-0.85	-0.77
	1.00	LOCUS_27453.0_TRANSCRIPT_1	ID_6020	0.00	-3.07	1.94	-2.35	-4.40	-3.63
	1.00	LOCUS_27569.0_TRANSCRIPT_1	ID_6083	0.00	-109.84	181.87	-331.38	-424.55	-379.54
	1.00	LOCUS_27572.0_TRANSCRIPT_1	ID_6085	0.00	-1.30	-0.16	-3.16	-5.05	-2.31
	1.00	LOCUS_27602.0_TRANSCRIPT_1	ID_6102	0.00	-0.89	0.88	-1.42	-1.96	-1.76
	1.00	LOCUS_27639.0_TRANSCRIPT_1	ID_6123	0.00	-3.12	3.23	-2.75	-4.41	-3.69
	1.00	LOCUS_27728.1_TRANSCRIPT_1	ID_6168	0.00	-1.16	0.41	-1.70	-1.33	-1.69
	1.00	LOCUS_27789.0_TRANSCRIPT_1	ID_6193	0.00	3.33	19.79	-15.60	-20.41	-12.19
	1.00	LOCUS_27801.0_TRANSCRIPT_1	ID_6199	0.00	-4.73	-0.17	-5.56	-9.40	-7.84
	1.00	LOCUS_27801.1_TRANSCRIPT_1	ID_6200	0.00	-2.42	-0.70	-2.88	-3.30	-2.96
	1.00	LOCUS_27855.0_TRANSCRIPT_1	ID_6226	0.00	-2,791.90	2,611.61	-1,788.57	-2,872.64	-2,627.47
	1.00	LOCUS_27861.0_TRANSCRIPT_1	ID_6229	0.00	-2.25	0.31	-2.16	-3.34	-2.31
	1.00	LOCUS_27988.0_TRANSCRIPT_1	ID_6286	0.00	-1.46	1.10	-2.19	-2.03	-2.28
	1.00	LOCUS_28068.0_TRANSCRIPT_1	ID_6322	0.00	-2.52	2.88	-2.20	-2.72	-1.38
	1.00	LOCUS_28088.0_TRANSCRIPT_1	ID_6327	0.00	-4.68	-0.21	-7.62	-8.47	-7.07
	1.00	LOCUS_28094.0_TRANSCRIPT_1	ID_6329	0.00	-78.75	114.66	-170.15	-226.86	-217.88
	1.00	LOCUS_28289.0_TRANSCRIPT_2	ID_6424	0.00	-0.47	0.07	-1.38	-1.34	-1.35
	1.00	LOCUS_28327.0_TRANSCRIPT_1	ID_6443	0.00	-0.08	0.50	-0.51	-0.71	-0.51
	1.00	LOCUS_28344.0_TRANSCRIPT_1	ID_6448	0.00	-127.10	331.60	-127.61	-206.64	-196.98
	1.00	LOCUS_28398.0_TRANSCRIPT_1	ID_6463	0.00	16.43	38.11	-14.48	-42.56	-32.31
	1.00	LOCUS_2844.0_TRANSCRIPT_1	ID_6482	0.00	-1.38	-0.13	-1.75	-1.92	-1.50
	1.00	LOCUS_28548.0_TRANSCRIPT_1	ID_6537	0.00	6.60	5.14	-11.22	-14.29	-14.52
	1.00	LOCUS_28554.0_TRANSCRIPT_1	ID_6538	0.00	-0.86	-0.05	-1.03	-0.89	-1.08
	1.00	LOCUS_28906.0_TRANSCRIPT_1	ID_6703	0.00	-7.03	41.36	-6.98	-11.34	-17.03
	1.00	LOCUS_28919.0_TRANSCRIPT_1	ID_6708	0.00	-0.81	1.08	-2.54	-4.28	-5.06
	1.00	LOCUS_28937.0_TRANSCRIPT_1	ID_6714	0.00	0.52	2.88	-1.00	-1.10	-1.42
	1.00	LOCUS_28957.0_TRANSCRIPT_1	ID_6725	0.00	0.55	1.48	-0.74	-0.96	-0.76
	1.00	LOCUS_29082.0_TRANSCRIPT_1	ID_6768	0.00	-10.40	27.00	-9.97	-17.37	-17.66
	1.00	LOCUS_29275.0_TRANSCRIPT_2	ID_6868	0.00	-0.67	1.10	-0.65	-0.45	-0.56
	1.00	LOCUS_29290.0_TRANSCRIPT_1	ID_6877	0.00	-108.67	32.20	-126.49	-150.00	-145.17
	1.00	LOCUS_29303.0_TRANSCRIPT_1	ID_6882	0.00	0.58	1.33	-0.49	-0.42	-0.52
	1.00	LOCUS_29417.0_TRANSCRIPT_1	ID_6930	0.00	-11.29	28.80	-14.84	-9.07	-11.63
	1.00	LOCUS_29460.0_TRANSCRIPT_1	ID_6950	0.00	0.08	1.21	-1.04	-0.59	-0.45
	1.00	LOCUS_29517.0_TRANSCRIPT_1	ID_6985	0.00	-0.53	0.75	-0.91	-0.90	-0.26
	1.00	LOCUS_29567.0_TRANSCRIPT_1	ID_7000	0.00	-0.40	1.34	-0.30	-0.94	-0.52
	1.00	LOCUS_29622.0_TRANSCRIPT_1	ID_7026	0.00	3.47	5.64	-11.96	-13.92	-14.83
	1.00	LOCUS_29825.0_TRANSCRIPT_1	ID_7122	0.00	6.87	16.39	-0.13	1.53	-0.42
	1.00	LOCUS_29932.0_TRANSCRIPT_1	ID_7170	0.00	-1.98	2.04	-2.75	-1.55	-2.26
	1.00	LOCUS_29977.0_TRANSCRIPT_1	ID_7190	0.00	-1.63	12.67	-2.42	-5.58	-4.47
	1.00	LOCUS_30081.0_TRANSCRIPT_1	ID_7246	0.00	-0.82	0.06	-1.95	-2.15	-1.97
	1.00	LOCUS_30207.0_TRANSCRIPT_1	ID_7307	0.00	-0.93	1.03	-2.16	-2.26	-1.76
	1.00	LOCUS_30259.1_TRANSCRIPT_1	ID_7335	0.00	-0.45	0.97	-0.27	-0.69	-0.77
	1.00	LOCUS_30305.1_TRANSCRIPT_1	ID_7368	0.00	-0.60	-0.07	-1.17	-1.36	-1.42
	1.00	LOCUS_30380.0_TRANSCRIPT_1	ID_7401	0.00	-0.46	0.71	-0.39	-0.65	-0.71
	1.00	LOCUS_30428.0_TRANSCRIPT_1	ID_7432	0.00	-0.20	0.56	-1.97	-2.23	-1.64
	1.00	LOCUS_30437.0_TRANSCRIPT_1	ID_7438	0.00	-12.35	-0.16	-12.53	-16.59	-14.09
	1.00	LOCUS_30503.0_TRANSCRIPT_1	ID_7478	0.00	-1.41	1.21	-1.10	-1.35	-1.42
	1.00	LOCUS_30605.0_TRANSCRIPT_1	ID_7541	0.00	-11.80	-1.17	-17.93	-32.87	-25.01
	1.00	LOCUS_30676.0_TRANSCRIPT_2	ID_7579	0.00	-131.34	16.72	-194.51	-203.05	-207.51
	1.00	LOCUS_30845.0_TRANSCRIPT_1	ID_7673	0.00	-1.31	1.58	-0.80	-1.37	-1.04
	1.00	LOCUS_30893.0_TRANSCRIPT_1	ID_7708	0.00	-13.87	-0.54	-16.65	-22.37	-21.37
	1.00	LOCUS_30907.0_TRANSCRIPT_1	ID_7715	0.00	-2.39	1.56	-2.67	-2.64	-3.19
	1.00	LOCUS_30965.0_TRANSCRIPT_1	ID_7747	0.00	8.43	26.54	-7.90	-3.51	-7.73
	1.00	LOCUS_31029.0_TRANSCRIPT_1	ID_7779	0.00	-9.97	9.00	-14.32	-22.19	-16.72
	1.00	LOCUS_31067.0_TRANSCRIPT_1	ID_7796	0.00	-0.08	12.25	-10.02	-30.69	-13.65
	1.00	LOCUS_31174.0_TRANSCRIPT_2	ID_7873	0.00	0.03	1.56	0.05	-0.85	-0.99
	1.00	LOCUS_31223.0_TRANSCRIPT_1	ID_7905	0.00	0.33	2.33	-0.21	-0.21	0.11
	1.00	LOCUS_31287.0_TRANSCRIPT_1	ID_7944	0.00	-0.46	0.46	-1.24	-1.61	-0.40
	1.00	LOCUS_31311.0_TRANSCRIPT_1	ID_7958	0.00	-1.00	2.09	-1.09	-0.64	-2.23
	1.00	LOCUS_31326.1_TRANSCRIPT_1	ID_7965	0.00	-1.14	1.69	-0.73	-1.95	-1.86
	1.00	LOCUS_31356.0_TRANSCRIPT_1	ID_7978	0.00	0.02	1.15	-1.97	-2.28	-2.29
	1.00	LOCUS_31415.0_TRANSCRIPT_2	ID_8016	0.00	-0.32	0.51	-0.70	-0.21	-0.30
	1.00	LOCUS_3142.0_TRANSCRIPT_1	ID_8019	0.00	-0.25	0.93	-0.21	-0.40	-0.25
	1.00	LOCUS_31420.0_TRANSCRIPT_1	ID_8020	0.00	-0.23	3.30	-1.75	-1.60	-2.22
	1.00	LOCUS_31476.0_TRANSCRIPT_1	ID_8057	0.00	1.39	2.17	-1.56	-1.02	-1.26
	1.00	LOCUS_31478.0_TRANSCRIPT_1	ID_8058	0.00	-6.25	-1.41	-10.53	-10.65	-11.23
	1.00	LOCUS_31478.1_TRANSCRIPT_1	ID_8059	0.00	-3.50	-1.10	-7.27	-6.67	-6.10
	1.00	LOCUS_31494.0_TRANSCRIPT_1	ID_8068	0.00	-0.80	0.31	-1.12	-1.57	-1.54
	1.00	LOCUS_31535.0_TRANSCRIPT_1	ID_8090	0.00	-3.67	1.08	-6.53	-8.62	-7.74
	1.00	LOCUS_31581.0_TRANSCRIPT_1	ID_8125	0.00	-6.45	7.88	-5.09	-7.47	-6.08
	1.00	LOCUS_3161.0_TRANSCRIPT_1	ID_8151	0.00	-0.23	1.09	-0.23	-0.22	-0.28
	1.00	LOCUS_317.0_TRANSCRIPT_1	ID_8208	0.00	-0.18	0.28	-0.64	-0.82	-0.27
	1.00	LOCUS_31704.1_TRANSCRIPT_1	ID_8211	0.00	-19.13	16.28	-18.32	-25.76	-25.27
	1.00	LOCUS_31709.0_TRANSCRIPT_1	ID_8213	0.00	-1.11	1.28	-1.45	-1.73	-1.11
	1.00	LOCUS_31818.0_TRANSCRIPT_1	ID_8275	0.00	-0.14	0.25	-0.93	-1.11	-1.13
	1.00	LOCUS_31990.0_TRANSCRIPT_1	ID_8366	0.00	-0.77	0.24	-0.85	-0.79	-0.77
	1.00	LOCUS_32003.0_TRANSCRIPT_1	ID_8379	0.00	-5.21	5.39	-4.86	-11.70	-9.43
	1.00	LOCUS_32161.1_TRANSCRIPT_1	ID_8470	0.00	-4.73	0.85	-4.58	-8.16	-6.01
	1.00	LOCUS_32277.0_TRANSCRIPT_2	ID_8516	0.00	-1.40	0.61	-1.61	-1.52	-1.29
	1.00	LOCUS_32370.0_TRANSCRIPT_1	ID_8564	0.00	0.32	1.55	-0.83	-0.76	-0.30
	1.00	LOCUS_32379.0_TRANSCRIPT_1	ID_8569	0.00	0.91	0.81	-1.12	-0.55	-0.63
	1.00	LOCUS_32540.0_TRANSCRIPT_1	ID_8643	0.00	-1.59	-0.18	-2.07	-2.03	-1.75
	1.00	LOCUS_32554.0_TRANSCRIPT_1	ID_8649	0.00	-4.02	19.52	-2.71	-11.04	-10.83
	1.00	LOCUS_32564.0_TRANSCRIPT_1	ID_8652	0.00	-2.62	10.86	-3.01	-4.19	-5.43
	1.00	LOCUS_32575.0_TRANSCRIPT_1	ID_8657	0.00	-17.74	12.64	-21.59	-21.68	-21.82
	1.00	LOCUS_32598.0_TRANSCRIPT_1	ID_8670	0.00	-0.77	0.25	-1.45	-1.81	-1.27
	1.00	LOCUS_32643.0_TRANSCRIPT_2	ID_8699	0.00	-3.60	1.45	-4.61	-5.66	-6.35
	1.00	LOCUS_32680.0_TRANSCRIPT_1	ID_8722	0.00	-1.05	0.50	-1.08	-2.20	-1.19
	1.00	LOCUS_32699.0_TRANSCRIPT_2	ID_8734	0.00	6.62	14.33	-2.60	-2.96	0.24
	1.00	LOCUS_32702.0_TRANSCRIPT_1	ID_8736	0.00	-4.04	3.76	-4.69	-6.03	-3.16
	1.00	LOCUS_32817.0_TRANSCRIPT_1	ID_8808	0.00	-0.74	2.07	-0.96	-1.13	-0.99
	1.00	LOCUS_32828.0_TRANSCRIPT_1	ID_8815	0.00	4.85	30.72	0.29	-2.28	-4.45
	1.00	LOCUS_32846.0_TRANSCRIPT_1	ID_8827	0.00	0.15	4.46	-7.27	-6.53	-7.65
	1.00	LOCUS_32865.0_TRANSCRIPT_1	ID_8840	0.00	0.17	22.14	-13.90	-20.41	-19.65
	1.00	LOCUS_32957.0_TRANSCRIPT_1	ID_8901	0.00	-0.43	-0.13	-2.16	-2.11	-2.18
	1.00	LOCUS_33033.0_TRANSCRIPT_1	ID_8942	0.00	-2.54	0.12	-4.10	-3.79	-3.36
	1.00	LOCUS_33046.0_TRANSCRIPT_4	ID_8952	0.00	0.72	1.59	-0.31	-0.57	-0.64
	1.00	LOCUS_33063.0_TRANSCRIPT_1	ID_8963	0.00	-16.30	12.40	-14.75	-25.34	-21.85
	1.00	LOCUS_33102.0_TRANSCRIPT_1	ID_8986	0.00	-3.32	4.26	-2.77	-3.73	-2.97
	1.00	LOCUS_33103.0_TRANSCRIPT_2	ID_8987	0.00	2.26	3.56	-1.29	-1.70	-1.57
	1.00	LOCUS_33111.0_TRANSCRIPT_1	ID_8993	0.00	-0.47	4.21	-1.65	-2.42	-2.01
	1.00	LOCUS_33128.0_TRANSCRIPT_1	ID_8999	0.00	1.62	3.24	-0.67	-1.13	-0.15
	1.00	LOCUS_33222.0_TRANSCRIPT_1	ID_9061	0.00	0.06	1.89	-1.24	-0.79	-1.14
	1.00	LOCUS_33231.0_TRANSCRIPT_1	ID_9071	0.00	0.53	0.36	-1.75	-1.61	-1.83
	1.00	LOCUS_33235.0_TRANSCRIPT_1	ID_9075	0.00	-1.94	0.53	-1.64	-2.77	-2.35
	1.00	LOCUS_33263.0_TRANSCRIPT_1	ID_9097	0.00	-0.61	1.96	-1.53	-1.46	-2.12
	1.00	LOCUS_33276.0_TRANSCRIPT_1	ID_9111	0.00	0.11	3.12	-5.01	-6.03	-5.89
	1.00	LOCUS_33386.0_TRANSCRIPT_1	ID_9185	0.00	-0.15	0.69	-0.42	-1.04	-0.33
	1.00	LOCUS_33411.0_TRANSCRIPT_1	ID_9206	0.00	-0.95	0.14	-1.30	-1.27	-1.39
	1.00	LOCUS_33420.0_TRANSCRIPT_1	ID_9213	0.00	4.59	3.53	-5.90	-7.95	-7.38
	1.00	LOCUS_33444.0_TRANSCRIPT_1	ID_9229	0.00	0.40	1.74	-0.44	-1.13	-0.59
	1.00	LOCUS_33486.0_TRANSCRIPT_1	ID_9248	0.00	-3.85	-0.73	-7.23	-6.99	-6.65
	1.00	LOCUS_33498.0_TRANSCRIPT_1	ID_9258	0.00	-3.54	5.79	-4.11	-4.06	-3.90
	1.00	LOCUS_33582.0_TRANSCRIPT_1	ID_9314	0.00	-0.24	0.50	-0.88	-1.01	-0.94
	1.00	LOCUS_33585.0_TRANSCRIPT_1	ID_9317	0.00	0.47	0.82	-0.79	-1.13	-0.69
	1.00	LOCUS_33604.0_TRANSCRIPT_1	ID_9324	0.00	-0.38	0.35	-0.60	-0.67	-0.43
	1.00	LOCUS_33650.0_TRANSCRIPT_1	ID_9353	0.00	-6.46	6.96	-8.44	-10.87	-11.73
	1.00	LOCUS_33675.0_TRANSCRIPT_1	ID_9376	0.00	-1.74	7.74	-3.11	-5.98	-4.87
	1.00	LOCUS_33723.0_TRANSCRIPT_1	ID_9409	0.00	-0.27	0.37	-0.92	-0.93	-0.92
	1.00	LOCUS_33759.0_TRANSCRIPT_1	ID_9425	0.00	-1.73	38.92	-7.52	-22.54	-28.81
	1.00	LOCUS_33775.0_TRANSCRIPT_2	ID_9435	0.00	0.12	0.39	-0.96	-1.16	-0.75
	1.00	LOCUS_33793.0_TRANSCRIPT_1	ID_9447	0.00	-117.12	100.19	-193.14	-209.76	-226.56
	1.00	LOCUS_33853.0_TRANSCRIPT_1	ID_9484	0.00	-13.46	1.68	-27.19	-37.30	-30.05
	1.00	LOCUS_33867.0_TRANSCRIPT_1	ID_9492	0.00	0.27	1.09	0.01	-0.22	-0.31
	1.00	LOCUS_33892.0_TRANSCRIPT_1	ID_9507	0.00	-3.06	0.26	-2.87	-3.98	-3.71
	1.00	LOCUS_33918.0_TRANSCRIPT_1	ID_9521	0.00	3.83	27.18	-0.98	-4.67	-5.09
	1.00	LOCUS_33965.0_TRANSCRIPT_1	ID_9557	0.00	1.86	4.47	-1.16	-1.29	-5.62
	1.00	LOCUS_34071.0_TRANSCRIPT_1	ID_9633	0.00	-0.76	0.19	-0.76	-1.23	-1.32
	1.00	LOCUS_34085.0_TRANSCRIPT_1	ID_9642	0.00	-1.08	5.64	-1.09	-2.22	-2.27
	1.00	LOCUS_34130.0_TRANSCRIPT_1	ID_9675	0.00	1.38	3.66	-0.39	-2.01	-1.02
	1.00	LOCUS_34141.0_TRANSCRIPT_1	ID_9683	0.00	-4.38	2.01	-4.92	-5.62	-4.90
	1.00	LOCUS_34147.0_TRANSCRIPT_1	ID_9686	0.00	-11.92	7.05	-11.87	-17.90	-16.81
	1.00	LOCUS_34220.0_TRANSCRIPT_1	ID_9725	0.00	1.64	3.60	-2.40	-3.10	-1.51
	1.00	LOCUS_34230.0_TRANSCRIPT_1	ID_9730	0.00	-3.33	3.65	-3.30	-3.99	-3.79
	1.00	LOCUS_34265.0_TRANSCRIPT_1	ID_9751	0.00	-1.52	5.42	-4.98	-4.06	-5.43
	1.00	LOCUS_34334.0_TRANSCRIPT_1	ID_9798	0.00	-0.36	0.44	-0.46	-0.72	-0.38
	1.00	LOCUS_34374.0_TRANSCRIPT_1	ID_9826	0.00	0.54	2.39	-0.10	-0.58	-0.82
	1.00	LOCUS_34423.0_TRANSCRIPT_1	ID_9860	0.00	0.16	1.06	-0.08	-0.19	-0.50
	1.00	LOCUS_34467.0_TRANSCRIPT_1	ID_9887	0.00	-8.15	24.62	-7.93	-16.53	-17.40
	1.00	LOCUS_34526.0_TRANSCRIPT_1	ID_9930	0.00	-8.85	2.13	-13.68	-12.89	-13.74
	1.00	LOCUS_34565.0_TRANSCRIPT_1	ID_9963	0.00	0.13	1.02	-1.50	-2.72	-1.59
	1.00	LOCUS_34609.0_TRANSCRIPT_1	ID_9991	0.00	1.02	3.66	-0.50	-0.45	0.32
	1.00	LOCUS_34615.0_TRANSCRIPT_1	ID_9997	0.00	-1.34	0.19	-1.51	-1.62	-1.72
	1.00	LOCUS_34701.0_TRANSCRIPT_1	ID_10062	0.00	-0.65	0.96	-0.64	-1.13	-0.70
	1.00	LOCUS_34721.0_TRANSCRIPT_2	ID_10073	0.00	9.54	17.44	0.45	-0.54	-3.39
	1.00	LOCUS_34803.0_TRANSCRIPT_1	ID_10120	0.00	-865.52	1,465.67	-1,356.56	-1,784.22	-1,538.80
	1.00	LOCUS_34841.0_TRANSCRIPT_1	ID_10149	0.00	-120.20	123.49	-97.57	-149.88	-106.67
	1.00	LOCUS_34851.0_TRANSCRIPT_1	ID_10155	0.00	153.27	1,461.16	-277.82	-869.96	-605.36
	1.00	LOCUS_34865.0_TRANSCRIPT_1	ID_10167	0.00	-7.12	14.34	-8.93	-11.11	-13.82
	1.00	LOCUS_34876.0_TRANSCRIPT_1	ID_10178	0.00	-1.18	4.25	-1.31	-1.48	-1.49
	1.00	LOCUS_34970.0_TRANSCRIPT_1	ID_10238	0.00	-1.15	2.52	-1.47	-1.31	-1.28
	1.00	LOCUS_34974.0_TRANSCRIPT_1	ID_10241	0.00	0.56	0.60	-0.52	-0.50	-0.67
	1.00	LOCUS_35034.0_TRANSCRIPT_1	ID_10283	0.00	0.14	1.53	-0.80	-0.31	-1.35
	1.00	LOCUS_35058.0_TRANSCRIPT_1	ID_10301	0.00	0.03	1.25	-0.51	-1.02	-1.48
	1.00	LOCUS_35096.0_TRANSCRIPT_1	ID_10332	0.00	2.28	1.39	-3.90	-5.57	-4.42
	1.00	LOCUS_35103.1_TRANSCRIPT_1	ID_10337	0.00	-0.27	0.61	-0.50	-1.38	-1.03
	1.00	LOCUS_35152.0_TRANSCRIPT_1	ID_10366	0.00	-1.21	0.91	-3.58	-1.44	-3.96
	1.00	LOCUS_35198.0_TRANSCRIPT_1	ID_10395	0.00	0.62	4.14	-2.33	-2.67	-2.42
	1.00	LOCUS_35255.0_TRANSCRIPT_2	ID_10430	0.00	-0.17	0.93	-0.53	-0.37	-0.57
	1.00	LOCUS_35310.0_TRANSCRIPT_1	ID_10467	0.00	-0.45	0.63	-1.20	-1.44	-0.50
	1.00	LOCUS_35326.0_TRANSCRIPT_1	ID_10481	0.00	-7.19	0.35	-9.57	-6.21	-8.57
	1.00	LOCUS_35400.0_TRANSCRIPT_1	ID_10538	0.00	-0.84	-0.23	-1.55	-1.52	-1.37
	1.00	LOCUS_35420.0_TRANSCRIPT_1	ID_10552	0.00	0.63	5.54	-2.03	-2.41	-1.99
	1.00	LOCUS_35440.0_TRANSCRIPT_1	ID_10566	0.00	-17.28	47.27	-25.04	-54.38	-39.43
	1.00	LOCUS_35456.0_TRANSCRIPT_1	ID_10580	0.00	-0.69	-0.12	-1.26	-1.37	-1.25
	1.00	LOCUS_35552.0_TRANSCRIPT_1	ID_10648	0.00	-24.02	39.92	-18.45	-20.44	-26.48
	1.00	LOCUS_35629.0_TRANSCRIPT_1	ID_10714	0.00	0.01	0.39	-1.23	-1.79	-1.07
	1.00	LOCUS_35649.2_TRANSCRIPT_1	ID_10732	0.00	-1.81	0.87	-1.59	-2.35	-1.62
	1.00	LOCUS_35653.0_TRANSCRIPT_2	ID_10736	0.00	0.32	1.39	-1.01	-1.27	-1.23
	1.00	LOCUS_35666.0_TRANSCRIPT_1	ID_10752	0.00	-0.19	0.30	-0.77	-0.87	-1.08
	1.00	LOCUS_35694.0_TRANSCRIPT_1	ID_10776	0.00	0.47	0.84	-0.08	-0.19	0.01
	1.00	LOCUS_35695.0_TRANSCRIPT_1	ID_10777	0.00	-0.31	2.80	-5.84	-6.49	-5.60
	1.00	LOCUS_35717.0_TRANSCRIPT_1	ID_10793	0.00	-1.49	-0.15	-3.34	-4.35	-3.68
	1.00	LOCUS_35745.1_TRANSCRIPT_1	ID_10816	0.00	-1.53	0.99	-1.73	-2.47	-1.74
	1.00	LOCUS_35783.0_TRANSCRIPT_1	ID_10848	0.00	-78.88	27.23	-127.50	-186.37	-167.48
	1.00	LOCUS_35870.0_TRANSCRIPT_1	ID_10917	0.00	-2.08	0.91	-3.66	-3.09	-3.29
	1.00	LOCUS_35884.0_TRANSCRIPT_1	ID_10930	0.00	-8.11	8.86	-13.06	-14.04	-14.24
	1.00	LOCUS_35888.0_TRANSCRIPT_1	ID_10936	0.00	1.95	2.62	-3.96	-7.98	-5.93
	1.00	LOCUS_35929.0_TRANSCRIPT_1	ID_10973	0.00	1.32	2.92	-0.27	-1.38	-0.49
	1.00	LOCUS_35934.0_TRANSCRIPT_1	ID_10979	0.00	-17.53	-2.53	-30.78	-29.04	-28.86
	1.00	LOCUS_35944.0_TRANSCRIPT_1	ID_10986	0.00	-5.88	8.99	-7.67	-8.73	-9.32
	1.00	LOCUS_35963.0_TRANSCRIPT_1	ID_11002	0.00	-1.59	1.66	-1.23	-1.45	-1.21
	1.00	LOCUS_36015.0_TRANSCRIPT_2	ID_11046	0.00	-9.42	4.06	-11.96	-15.40	-13.19
	1.00	LOCUS_36029.0_TRANSCRIPT_1	ID_11063	0.00	-13.36	16.35	-25.58	-36.97	-32.96
	1.00	LOCUS_36057.0_TRANSCRIPT_1	ID_11081	0.00	-0.79	0.11	-1.35	-1.40	-1.36
	1.00	LOCUS_36058.1_TRANSCRIPT_1	ID_11083	0.00	-235.36	1,070.98	-782.99	-1,228.07	-1,173.71
	1.00	LOCUS_36082.0_TRANSCRIPT_1	ID_11101	0.00	-518.22	513.22	-560.05	-1,036.13	-761.92
	1.00	LOCUS_36092.2_TRANSCRIPT_1	ID_11111	0.00	-1.60	3.34	-1.24	-1.38	-1.28
	1.00	LOCUS_36141.0_TRANSCRIPT_1	ID_11160	0.00	3.74	6.07	-4.48	-6.03	-6.10
	1.00	LOCUS_36195.0_TRANSCRIPT_1	ID_11196	0.00	0.17	1.60	-0.26	-0.86	-0.93
	1.00	LOCUS_36223.1_TRANSCRIPT_1	ID_11217	0.00	-11.02	27.41	-14.67	-41.56	-14.77
	1.00	LOCUS_36343.0_TRANSCRIPT_1	ID_11317	0.00	51.77	106.12	6.42	-16.63	-33.98
	1.00	LOCUS_36346.0_TRANSCRIPT_1	ID_11319	0.00	-1.42	1.16	-1.01	-2.19	-1.07
	1.00	LOCUS_36368.0_TRANSCRIPT_1	ID_11339	0.00	5.88	20.29	-6.22	-11.76	-13.24
	1.00	LOCUS_36441.0_TRANSCRIPT_1	ID_11396	0.00	-31.58	1.72	-33.87	-38.29	-35.35
	1.00	LOCUS_36468.0_TRANSCRIPT_1	ID_11413	0.00	-7.79	88.65	-20.59	-41.96	-35.66
	1.00	LOCUS_36519.0_TRANSCRIPT_1	ID_11449	0.00	0.69	0.81	-1.97	-2.03	-2.03
	1.00	LOCUS_36553.0_TRANSCRIPT_1	ID_11475	0.00	-46.28	37.03	-31.73	-63.00	-55.73
	1.00	LOCUS_36585.0_TRANSCRIPT_1	ID_11497	0.00	-2.82	1.31	-3.46	-5.75	-3.56
	1.00	LOCUS_36657.0_TRANSCRIPT_1	ID_11556	0.00	-3.15	0.69	-3.30	-3.75	-3.30
	1.00	LOCUS_36687.0_TRANSCRIPT_1	ID_11577	0.00	8.75	15.48	-13.76	-47.41	-37.27
	1.00	LOCUS_36696.0_TRANSCRIPT_1	ID_11583	0.00	-0.78	3.39	-1.12	-1.13	-1.83
	1.00	LOCUS_36754.0_TRANSCRIPT_1	ID_11630	0.00	4.06	5.29	-3.15	-3.99	-3.90
	1.00	LOCUS_36796.0_TRANSCRIPT_1	ID_11666	0.00	0.19	0.76	0.06	-0.35	-0.15
	1.00	LOCUS_36855.0_TRANSCRIPT_1	ID_11711	0.00	-0.40	0.38	-0.34	-0.67	-0.30
	1.00	LOCUS_36959.0_TRANSCRIPT_1	ID_11787	0.00	1.59	3.82	-0.75	-0.38	-1.54
	1.00	LOCUS_36963.0_TRANSCRIPT_1	ID_11792	0.00	-0.77	3.47	-2.65	-3.46	-3.35
	1.00	LOCUS_36988.0_TRANSCRIPT_1	ID_11812	0.00	-33.74	121.10	-119.29	-106.15	-150.17
	1.00	LOCUS_37004.0_TRANSCRIPT_1	ID_11826	0.00	8.88	16.25	-3.36	-5.01	-7.74
	1.00	LOCUS_37087.0_TRANSCRIPT_1	ID_11888	0.00	-66.81	-5.44	-73.36	-94.38	-87.88
	1.00	LOCUS_37124.0_TRANSCRIPT_1	ID_11919	0.00	-1.27	0.94	-1.69	-1.94	-1.88
	1.00	LOCUS_37206.0_TRANSCRIPT_1	ID_11979	0.00	-168.40	61.86	-251.67	-252.68	-260.66
	1.00	LOCUS_37261.0_TRANSCRIPT_1	ID_12031	0.00	-1.44	1.22	-2.37	-3.21	-1.86
	1.00	LOCUS_37319.0_TRANSCRIPT_1	ID_12077	0.00	-14.37	-4.15	-19.83	-23.13	-21.38
	1.00	LOCUS_37322.0_TRANSCRIPT_1	ID_12079	0.00	-0.22	2.93	-0.71	-1.34	-1.23
	1.00	LOCUS_37352.0_TRANSCRIPT_1	ID_12104	0.00	-17.09	94.75	-96.19	-170.86	-161.16
	1.00	LOCUS_37354.0_TRANSCRIPT_2	ID_12105	0.00	0.74	1.32	-0.51	-0.06	-1.20
	1.00	LOCUS_37439.0_TRANSCRIPT_1	ID_12177	0.00	-0.50	0.16	-1.07	-1.07	-1.07
	1.00	LOCUS_37455.0_TRANSCRIPT_1	ID_12187	0.00	-1.15	0.06	-2.65	-2.38	-2.61
	1.00	LOCUS_37455.0_TRANSCRIPT_2	ID_12188	0.00	-0.05	0.62	-1.32	-1.52	-1.27
	1.00	LOCUS_37515.0_TRANSCRIPT_2	ID_12232	0.00	-0.84	1.85	-1.30	-1.12	-0.93
	1.00	LOCUS_37517.0_TRANSCRIPT_2	ID_12235	0.00	-1.11	3.77	-1.50	-1.67	-1.95
	1.00	LOCUS_37591.0_TRANSCRIPT_1	ID_12294	0.00	-9.19	-1.17	-14.18	-15.69	-15.48
	1.00	LOCUS_37622.0_TRANSCRIPT_1	ID_12320	0.00	0.85	3.18	-6.48	-7.78	-4.07
	1.00	LOCUS_37642.0_TRANSCRIPT_1	ID_12340	0.00	-2.51	5.30	-5.22	-3.31	-8.16
	1.00	LOCUS_37723.0_TRANSCRIPT_3	ID_12405	0.00	-0.40	1.05	-0.26	-0.65	-0.70
	1.00	LOCUS_37762.0_TRANSCRIPT_1	ID_12431	0.00	-0.76	0.30	-2.79	-2.18	-2.57
	1.00	LOCUS_37796.0_TRANSCRIPT_1	ID_12459	0.00	-2.06	1.00	-2.64	-2.61	-2.62
	1.00	LOCUS_37911.0_TRANSCRIPT_1	ID_12550	0.00	-2.16	2.51	-1.91	-2.37	-1.85
	1.00	LOCUS_37925.0_TRANSCRIPT_1	ID_12562	0.00	-22.66	25.83	-20.83	-26.86	-23.71
	1.00	LOCUS_37929.0_TRANSCRIPT_1	ID_12565	0.00	-0.20	1.22	-1.99	-2.23	-2.06
	1.00	LOCUS_37982.0_TRANSCRIPT_1	ID_12608	0.00	0.29	1.03	-0.47	-0.60	-0.02
	1.00	LOCUS_37982.0_TRANSCRIPT_2	ID_12609	0.00	-0.33	1.19	-0.85	-1.02	-0.66
	1.00	LOCUS_38003.0_TRANSCRIPT_1	ID_12629	0.00	-1.80	-0.14	-5.18	-6.07	-5.70
	1.00	LOCUS_38067.1_TRANSCRIPT_1	ID_12683	0.00	-17.89	22.00	-38.02	-39.41	-28.13
	1.00	LOCUS_38098.0_TRANSCRIPT_2	ID_12709	0.00	-1.77	4.96	-2.25	-1.72	-2.97
	1.00	LOCUS_38154.0_TRANSCRIPT_1	ID_12756	0.00	-4.64	2.96	-12.65	-13.53	-9.70
	1.00	LOCUS_38185.0_TRANSCRIPT_2	ID_12784	0.00	0.42	0.66	-0.34	-0.59	-0.22
	1.00	LOCUS_38201.0_TRANSCRIPT_2	ID_12804	0.00	0.22	1.57	-1.27	-1.78	-1.38
	1.00	LOCUS_38259.0_TRANSCRIPT_1	ID_12866	0.00	-3.68	0.44	-4.36	-4.49	-3.07
	1.00	LOCUS_38261.0_TRANSCRIPT_1	ID_12868	0.00	-5.89	10.09	-8.29	-8.51	-9.99
	1.00	LOCUS_38284.0_TRANSCRIPT_1	ID_12884	0.00	-2.18	4.35	-2.67	-3.20	-3.23
	1.00	LOCUS_38297.0_TRANSCRIPT_1	ID_12896	0.00	-54.70	88.40	-54.81	-128.84	-121.46
	1.00	LOCUS_38305.0_TRANSCRIPT_1	ID_12903	0.00	-144.33	39.29	-196.29	-180.91	-143.15
	1.00	LOCUS_38311.0_TRANSCRIPT_1	ID_12910	0.00	-0.47	0.49	-0.76	-1.05	-0.63
	1.00	LOCUS_38322.0_TRANSCRIPT_1	ID_12920	0.00	-3.67	10.78	-4.99	-11.32	-8.02
	1.00	LOCUS_38328.0_TRANSCRIPT_1	ID_12925	0.00	-1.11	1.83	-1.48	-1.44	-1.84
	1.00	LOCUS_38343.0_TRANSCRIPT_2	ID_12939	0.00	-2.98	16.26	-19.55	-9.57	-21.80
	1.00	LOCUS_38378.0_TRANSCRIPT_1	ID_12967	0.00	0.27	0.58	-0.58	-0.62	-0.40
	1.00	LOCUS_38401.1_TRANSCRIPT_1	ID_12987	0.00	-1.69	4.23	-2.74	-2.03	-1.09
	1.00	LOCUS_38413.0_TRANSCRIPT_1	ID_12995	0.00	-2.29	-0.70	-3.72	-3.55	-3.49
	1.00	LOCUS_38463.0_TRANSCRIPT_1	ID_13035	0.00	-1.04	1.82	-2.10	-1.92	-2.12
	1.00	LOCUS_38475.1_TRANSCRIPT_1	ID_13046	0.00	-1.62	1.73	-10.65	-10.93	-9.43
	1.00	LOCUS_38562.0_TRANSCRIPT_1	ID_13118	0.00	-0.08	0.63	-0.60	-0.44	-0.38
	1.00	LOCUS_38587.0_TRANSCRIPT_1	ID_13136	0.00	-0.76	0.48	-1.65	-1.80	-1.42
	1.00	LOCUS_38587.0_TRANSCRIPT_2	ID_13137	0.00	-0.67	-0.06	-1.36	-1.23	-1.03
	1.00	LOCUS_38633.0_TRANSCRIPT_1	ID_13170	0.00	2.21	7.40	-2.06	-5.17	-6.68
	1.00	LOCUS_38668.0_TRANSCRIPT_1	ID_13202	0.00	-16.02	-6.77	-27.21	-38.27	-21.48
	1.00	LOCUS_38674.0_TRANSCRIPT_1	ID_13209	0.00	-2.12	2.46	-1.39	-1.81	-1.67
	1.00	LOCUS_38708.0_TRANSCRIPT_1	ID_13233	0.00	-2.22	0.20	-4.10	-3.05	-3.68
	1.00	LOCUS_38709.1_TRANSCRIPT_1	ID_13236	0.00	-0.90	4.85	-3.91	-5.00	-5.30
	1.00	LOCUS_38733.0_TRANSCRIPT_2	ID_13259	0.00	-3.61	1.71	-4.54	-6.31	-7.11
	1.00	LOCUS_38748.0_TRANSCRIPT_1	ID_13269	0.00	-0.80	1.04	-0.94	-0.41	-1.37
	1.00	LOCUS_38753.0_TRANSCRIPT_1	ID_13274	0.00	-5.94	4.24	-13.11	-13.48	-13.66
	1.00	LOCUS_38832.0_TRANSCRIPT_1	ID_13345	0.00	-2.76	6.82	-5.52	-7.39	-7.19
	1.00	LOCUS_38847.0_TRANSCRIPT_1	ID_13357	0.00	-20.31	22.06	-29.83	-43.19	-26.22
	1.00	LOCUS_38868.0_TRANSCRIPT_1	ID_13378	0.00	-0.88	4.02	-0.83	-2.38	-1.59
	1.00	LOCUS_38935.0_TRANSCRIPT_1	ID_13441	0.00	-14.67	23.37	-15.62	-21.73	-35.01
	1.00	LOCUS_38939.0_TRANSCRIPT_1	ID_13445	0.00	-1.35	0.47	-3.11	-4.22	-4.28
	1.00	LOCUS_38972.0_TRANSCRIPT_1	ID_13473	0.00	2.11	7.00	0.28	-0.31	-1.69
	1.00	LOCUS_39059.0_TRANSCRIPT_1	ID_13548	0.00	-5.25	1.90	-12.71	-17.91	-7.31
	1.00	LOCUS_39090.0_TRANSCRIPT_1	ID_13577	0.00	-14.94	6.40	-23.25	-45.17	-38.28
	1.00	LOCUS_39111.0_TRANSCRIPT_1	ID_13604	0.00	0.00	1.98	-0.17	-0.34	-0.36
	1.00	LOCUS_39130.0_TRANSCRIPT_2	ID_13621	0.00	-1.00	0.55	-0.93	-1.14	-1.15
	1.00	LOCUS_39175.0_TRANSCRIPT_1	ID_13651	0.00	-10.88	-1.31	-14.68	-15.87	-16.04
	1.00	LOCUS_39245.0_TRANSCRIPT_1	ID_13720	0.00	-1,425.24	597.80	-1,599.82	-2,500.17	-2,529.68
	1.00	LOCUS_39275.0_TRANSCRIPT_1	ID_13752	0.00	-15.05	6.54	-17.78	-20.92	-17.35
	1.00	LOCUS_39277.0_TRANSCRIPT_1	ID_13754	0.00	0.09	0.83	0.00	-0.74	-0.35
	1.00	LOCUS_39281.0_TRANSCRIPT_1	ID_13758	0.00	-1.01	-0.62	-4.44	-3.61	-2.71
	1.00	LOCUS_39340.0_TRANSCRIPT_2	ID_13805	0.00	1.23	18.06	-5.99	-5.50	-4.75
	1.00	LOCUS_39369.0_TRANSCRIPT_1	ID_13834	0.00	0.35	1.09	0.12	-0.11	0.09
	1.00	LOCUS_39370.0_TRANSCRIPT_1	ID_13835	0.00	-27.03	10.16	-83.39	-133.27	-107.24
	1.00	LOCUS_39374.0_TRANSCRIPT_1	ID_13839	0.00	1.16	2.17	-0.09	0.53	0.27
	1.00	LOCUS_39374.1_TRANSCRIPT_3	ID_13841	0.00	1.81	2.80	-0.74	-0.54	-0.11
	1.00	LOCUS_39383.0_TRANSCRIPT_1	ID_13850	0.00	-8.19	-0.45	-9.68	-17.32	-13.43
	1.00	LOCUS_39406.0_TRANSCRIPT_1	ID_13871	0.00	14.19	15.91	-2.62	-4.96	-5.67
	1.00	LOCUS_39425.0_TRANSCRIPT_3	ID_13893	0.00	1.75	2.77	-4.27	-5.88	-5.07
	1.00	LOCUS_39456.0_TRANSCRIPT_1	ID_13916	0.00	-5.54	5.77	-13.54	-13.36	-13.61
	1.00	LOCUS_39514.0_TRANSCRIPT_2	ID_13963	0.00	-59.38	91.03	-78.51	-102.11	-90.27
	1.00	LOCUS_39528.0_TRANSCRIPT_9	ID_13981	0.00	-0.81	5.98	-1.78	-2.71	-2.75
	1.00	LOCUS_39581.0_TRANSCRIPT_1	ID_14031	0.00	-4.27	6.33	-5.32	-9.43	-8.89
	1.00	LOCUS_39583.0_TRANSCRIPT_1	ID_14033	0.00	11.69	13.93	-34.18	-52.34	-41.03
	1.00	LOCUS_39601.0_TRANSCRIPT_1	ID_14052	0.00	0.17	1.55	-0.04	-1.51	-1.19
	1.00	LOCUS_39617.0_TRANSCRIPT_1	ID_14069	0.00	-1.76	1.83	-3.42	-3.03	-4.16
	1.00	LOCUS_39650.0_TRANSCRIPT_1	ID_14099	0.00	-7.45	3.09	-5.83	-8.53	-8.46
	1.00	LOCUS_39653.0_TRANSCRIPT_1	ID_14101	0.00	3.00	4.82	-9.35	-7.78	-7.55
	1.00	LOCUS_39666.0_TRANSCRIPT_1	ID_14115	0.00	-22.45	11.78	-32.81	-40.49	-32.08
	1.00	LOCUS_39697.0_TRANSCRIPT_1	ID_14139	0.00	-130.17	226.21	-67.44	-216.91	-198.07
	1.00	LOCUS_39733.0_TRANSCRIPT_1	ID_14173	0.00	-1.12	8.77	-23.74	-20.45	-25.08
	1.00	LOCUS_39769.0_TRANSCRIPT_1	ID_14203	0.00	-3.39	4.01	-12.38	-13.69	-12.46
	1.00	LOCUS_39775.0_TRANSCRIPT_1	ID_14208	0.00	1.68	2.28	-0.23	-0.29	-0.26
	1.00	LOCUS_39792.0_TRANSCRIPT_1	ID_14223	0.00	22.68	52.75	3.36	8.78	0.77
	1.00	LOCUS_39812.1_TRANSCRIPT_1	ID_14242	0.00	-1.77	10.98	-3.85	-7.97	-8.22
	1.00	LOCUS_39815.0_TRANSCRIPT_1	ID_14243	0.00	4.04	10.10	-7.61	-2.15	-6.47
	1.00	LOCUS_39820.0_TRANSCRIPT_2	ID_14248	0.00	-6.85	19.42	-13.25	-15.31	-16.07
	1.00	LOCUS_39834.0_TRANSCRIPT_2	ID_14259	0.00	-0.69	0.63	-1.41	-2.36	-2.04
	1.00	LOCUS_39840.0_TRANSCRIPT_1	ID_14265	0.00	-0.44	16.31	-12.86	-8.63	-16.00
	1.00	LOCUS_39914.0_TRANSCRIPT_1	ID_14330	0.00	-126.67	-27.14	-314.02	-396.58	-364.79
	1.00	LOCUS_39917.0_TRANSCRIPT_2	ID_14333	0.00	-0.30	0.18	-1.02	-0.87	-1.05
	1.00	LOCUS_39920.0_TRANSCRIPT_1	ID_14335	0.00	-3.41	-0.90	-5.28	-4.84	-4.81
	1.00	LOCUS_39952.0_TRANSCRIPT_1	ID_14358	0.00	0.87	1.05	-0.57	-1.06	-0.99
	1.00	LOCUS_39952.0_TRANSCRIPT_2	ID_14359	0.00	-0.12	0.52	-0.62	-0.35	-0.70
	1.00	LOCUS_39970.0_TRANSCRIPT_1	ID_14376	0.00	-1.59	0.35	-1.92	-2.89	-1.46
	1.00	LOCUS_40035.0_TRANSCRIPT_1	ID_14434	0.00	0.64	4.10	-7.77	-11.97	-8.38
	1.00	LOCUS_40070.0_TRANSCRIPT_1	ID_14463	0.00	-1.77	2.17	-1.92	-1.04	-1.95
	1.00	LOCUS_40107.0_TRANSCRIPT_1	ID_14500	0.00	0.17	1.56	-0.71	-1.16	-0.55
	1.00	LOCUS_40113.0_TRANSCRIPT_1	ID_14504	0.00	-1.81	-0.15	-2.09	-2.83	-2.07
	1.00	LOCUS_40149.0_TRANSCRIPT_1	ID_14531	0.00	1.91	2.24	-0.61	-0.28	0.26
	1.00	LOCUS_40165.0_TRANSCRIPT_1	ID_14549	0.00	-4.20	7.52	-26.59	-30.46	-28.68
	1.00	LOCUS_40175.0_TRANSCRIPT_1	ID_14558	0.00	0.92	3.37	-0.15	-0.52	-0.05
	1.00	LOCUS_40208.0_TRANSCRIPT_1	ID_14592	0.00	0.17	1.07	-1.46	-1.75	-1.54
	1.00	LOCUS_40230.0_TRANSCRIPT_1	ID_14610	0.00	-55.34	32.78	-59.06	-99.97	-67.66
	1.00	LOCUS_40280.0_TRANSCRIPT_1	ID_14652	0.00	-21.60	-3.26	-32.82	-36.73	-29.92
	1.00	LOCUS_40298.0_TRANSCRIPT_1	ID_14672	0.00	-1.58	2.58	-2.16	-2.45	-4.70
	1.00	LOCUS_40309.0_TRANSCRIPT_1	ID_14682	0.00	2.64	9.18	-2.81	-2.37	-1.69
	1.00	LOCUS_40323.1_TRANSCRIPT_1	ID_14696	0.00	43.26	42.70	-31.72	-55.65	-46.92
	1.00	LOCUS_40418.0_TRANSCRIPT_1	ID_14787	0.00	-3.72	9.80	-3.97	-4.92	-5.22
	1.00	LOCUS_40426.0_TRANSCRIPT_1	ID_14795	0.00	-27.01	11.25	-38.08	-43.87	-46.81
	1.00	LOCUS_40516.0_TRANSCRIPT_1	ID_14873	0.00	0.84	2.77	0.09	-0.03	-0.06
	1.00	LOCUS_40519.0_TRANSCRIPT_2	ID_14879	0.00	-3.91	0.66	-4.57	-5.62	-4.94
	1.00	LOCUS_40655.0_TRANSCRIPT_1	ID_15026	0.00	-2.83	4.12	-5.78	-6.46	-6.13
	1.00	LOCUS_40657.0_TRANSCRIPT_1	ID_15027	0.00	-1.61	5.98	-3.34	-3.09	-3.45
	1.00	LOCUS_40680.0_TRANSCRIPT_1	ID_15062	0.00	27.16	61.18	3.23	-11.50	-10.28
	1.00	LOCUS_40681.1_TRANSCRIPT_1	ID_15064	0.00	10.76	63.75	-1.55	-8.76	-1.86
	1.00	LOCUS_40690.0_TRANSCRIPT_1	ID_15072	0.00	-1.00	1.40	-0.77	-2.11	-0.98
	1.00	LOCUS_40731.1_TRANSCRIPT_1	ID_15114	0.00	30.48	53.60	-30.76	-38.05	-36.45
	1.00	LOCUS_40749.0_TRANSCRIPT_1	ID_15128	0.00	-0.95	1.96	-0.81	-2.96	-2.23
	1.00	LOCUS_40758.1_TRANSCRIPT_1	ID_15137	0.00	5.11	2.03	-11.89	-15.71	-11.04
	1.00	LOCUS_40758.1_TRANSCRIPT_3	ID_15139	0.00	1.85	9.47	-3.28	-6.52	-5.15
	1.00	LOCUS_40791.0_TRANSCRIPT_2	ID_15163	0.00	0.66	1.37	-1.36	-1.98	-1.57
	1.00	LOCUS_40826.0_TRANSCRIPT_1	ID_15202	0.00	-0.71	1.97	-1.62	-1.61	-1.45
	1.00	LOCUS_40845.0_TRANSCRIPT_1	ID_15224	0.00	-3.45	5.28	-14.67	-16.91	-18.32
	1.00	LOCUS_40854.0_TRANSCRIPT_1	ID_15230	0.00	0.13	2.70	-3.75	-4.82	-2.91
	1.00	LOCUS_40903.0_TRANSCRIPT_1	ID_15277	0.00	36.44	87.01	11.76	-28.91	-37.12
	1.00	LOCUS_40931.1_TRANSCRIPT_2	ID_15308	0.00	-5.16	0.72	-5.30	-5.90	-5.47
	1.00	LOCUS_40971.0_TRANSCRIPT_1	ID_15342	0.00	-1.78	88.88	-13.98	-24.82	-29.13
	1.00	LOCUS_40974.0_TRANSCRIPT_1	ID_15345	0.00	-2.32	5.98	-2.67	-2.76	-1.80
	1.00	LOCUS_41003.0_TRANSCRIPT_1	ID_15376	0.00	-1.17	-0.53	-2.61	-3.01	-1.99
	1.00	LOCUS_41024.0_TRANSCRIPT_1	ID_15396	0.00	-1.62	1.45	-2.26	-2.23	-1.39
	1.00	LOCUS_41028.0_TRANSCRIPT_2	ID_15403	0.00	7.79	20.03	-19.43	-31.20	-24.54
	1.00	LOCUS_41073.0_TRANSCRIPT_1	ID_15438	0.00	-2.32	-0.73	-7.49	-7.53	-7.68
	1.00	LOCUS_41094.0_TRANSCRIPT_1	ID_15451	0.00	-0.49	1.62	-0.72	-0.73	-0.44
	1.00	LOCUS_41140.0_TRANSCRIPT_1	ID_15485	0.00	-9.47	-0.52	-14.53	-21.09	-18.28
	1.00	LOCUS_41210.0_TRANSCRIPT_1	ID_15551	0.00	1.19	5.72	-4.61	-7.71	-4.30
	1.00	LOCUS_41268.0_TRANSCRIPT_1	ID_15609	0.00	13.69	14.33	-9.28	-12.99	-9.67
	1.00	LOCUS_41326.1_TRANSCRIPT_1	ID_15667	0.00	-2.46	69.54	-44.67	-39.83	-49.57
	1.00	LOCUS_41421.0_TRANSCRIPT_2	ID_15750	0.00	-0.68	-0.12	-0.80	-1.08	-0.95
	1.00	LOCUS_41422.1_TRANSCRIPT_1	ID_15752	0.00	-0.76	2.11	-1.25	-0.93	-0.82
	1.00	LOCUS_41453.0_TRANSCRIPT_1	ID_15782	0.00	-13.61	-0.79	-24.95	-36.13	-30.12
	1.00	LOCUS_41469.0_TRANSCRIPT_1	ID_15796	0.00	0.22	0.77	-0.58	-0.62	-0.48
	1.00	LOCUS_41469.2_TRANSCRIPT_1	ID_15798	0.00	-1.85	-0.13	-7.67	-10.57	-9.11
	1.00	LOCUS_41469.3_TRANSCRIPT_2	ID_15800	0.00	0.28	0.56	-0.56	-0.72	-0.19
	1.00	LOCUS_41500.0_TRANSCRIPT_1	ID_15829	0.00	-1.87	-0.54	-3.01	-3.32	-3.19
	1.00	LOCUS_41560.0_TRANSCRIPT_1	ID_15887	0.00	5.34	25.24	1.53	-2.64	-4.11
	1.00	LOCUS_41569.0_TRANSCRIPT_1	ID_15901	0.00	-0.25	2.68	-1.74	-3.68	-3.03
	1.00	LOCUS_41593.0_TRANSCRIPT_1	ID_15923	0.00	-88.40	28.34	-140.76	-254.88	-233.17
	1.00	LOCUS_41607.0_TRANSCRIPT_1	ID_15935	0.00	-6.67	12.85	-14.25	-15.90	-16.06
	1.00	LOCUS_41618.0_TRANSCRIPT_1	ID_15945	0.00	-1.23	2.16	-1.56	-3.99	-2.40
	1.00	LOCUS_41632.0_TRANSCRIPT_1	ID_15959	0.00	-47.52	4.56	-51.35	-70.69	-85.30
	1.00	LOCUS_41657.0_TRANSCRIPT_1	ID_15987	0.00	2.25	2.40	-1.61	-2.80	-3.26
	1.00	LOCUS_41715.0_TRANSCRIPT_1	ID_16052	0.00	-0.17	0.91	-1.40	-1.91	-1.42
	1.00	LOCUS_41734.0_TRANSCRIPT_2	ID_16073	0.00	-0.27	1.66	-1.95	-2.44	-2.21
	1.00	LOCUS_41890.1_TRANSCRIPT_1	ID_16223	0.00	-9.35	10.41	-13.91	-14.15	-19.72
	1.00	LOCUS_41954.0_TRANSCRIPT_1	ID_16280	0.00	-0.11	1.21	-2.57	-2.41	-1.78
	1.00	LOCUS_41965.0_TRANSCRIPT_1	ID_16292	0.00	1.16	2.38	-7.42	-14.17	-13.19
	1.00	LOCUS_41972.0_TRANSCRIPT_1	ID_16298	0.00	-13.45	13.19	-14.64	-12.02	-11.23
	1.00	LOCUS_41994.0_TRANSCRIPT_1	ID_16322	0.00	-27.42	2.55	-38.76	-35.98	-40.79
	1.00	LOCUS_42006.0_TRANSCRIPT_1	ID_16336	0.00	-6.01	-1.95	-15.51	-17.81	-10.68
	1.00	LOCUS_42022.0_TRANSCRIPT_1	ID_16357	0.00	-0.36	-0.30	-3.07	-2.72	-2.06
	1.00	LOCUS_42049.0_TRANSCRIPT_1	ID_16387	0.00	53.31	62.01	-32.10	-50.87	-45.81
	1.00	LOCUS_42053.0_TRANSCRIPT_1	ID_16398	0.00	-0.48	0.92	-0.78	-0.94	-0.87
	1.00	LOCUS_42094.0_TRANSCRIPT_1	ID_16445	0.00	0.51	0.74	-0.90	-1.22	-0.97
	1.00	LOCUS_42102.0_TRANSCRIPT_4	ID_16457	0.00	-1.38	2.20	-2.01	-2.18	-2.32
	1.00	LOCUS_42162.0_TRANSCRIPT_1	ID_16519	0.00	-4.93	3.44	-13.25	-12.42	-12.51
	1.00	LOCUS_42172.0_TRANSCRIPT_2	ID_16525	0.00	-0.92	0.15	-0.96	-1.01	-0.97
	1.00	LOCUS_42174.0_TRANSCRIPT_1	ID_16527	0.00	0.05	0.35	-1.50	-1.40	-1.75
	1.00	LOCUS_42188.0_TRANSCRIPT_2	ID_16540	0.00	-30.72	4.11	-36.39	-42.31	-36.08
	1.00	LOCUS_42189.4_TRANSCRIPT_1	ID_16548	0.00	-15.55	0.18	-15.16	-23.37	-18.68
	1.00	LOCUS_42189.4_TRANSCRIPT_7	ID_16551	0.00	-1.04	1.00	-2.08	-2.30	-1.68
	1.00	LOCUS_42245.0_TRANSCRIPT_1	ID_16618	0.00	-5.14	6.85	-10.20	-10.85	-10.49
	1.00	LOCUS_42276.3_TRANSCRIPT_1	ID_16654	0.00	0.02	2.26	-1.14	-2.57	-2.42
	1.00	LOCUS_42345.0_TRANSCRIPT_1	ID_16721	0.00	-2.81	-0.20	-11.46	-8.28	-11.35
	1.00	LOCUS_42388.0_TRANSCRIPT_1	ID_16768	0.00	-1,230.53	382.40	-1,218.24	-2,169.24	-1,867.26
	1.00	LOCUS_42412.0_TRANSCRIPT_1	ID_16792	0.00	-17.59	5.31	-21.93	-29.82	-20.82
	1.00	LOCUS_42461.0_TRANSCRIPT_1	ID_16844	0.00	-0.93	7.78	-2.03	-2.37	-1.81
	1.00	LOCUS_42485.0_TRANSCRIPT_1	ID_16871	0.00	4.12	36.16	-4.53	-9.58	-7.16
	1.00	LOCUS_42514.0_TRANSCRIPT_1	ID_16905	0.00	-28.30	18.77	-22.56	-41.50	-37.28
	1.00	LOCUS_42560.0_TRANSCRIPT_1	ID_16951	0.00	-43.47	15.72	-81.77	-108.22	-40.19
	1.00	LOCUS_42581.0_TRANSCRIPT_1	ID_16973	0.00	-3.25	4.93	-4.45	-4.93	-3.42
	1.00	LOCUS_42584.0_TRANSCRIPT_1	ID_16975	0.00	-299.51	117.30	-295.81	-426.37	-389.23
	1.00	LOCUS_42597.0_TRANSCRIPT_1	ID_16991	0.00	3.97	14.22	1.03	-0.01	0.11
	1.00	LOCUS_42600.0_TRANSCRIPT_1	ID_16998	0.00	-0.28	4.01	-12.25	-13.10	-17.42
	1.00	LOCUS_42644.0_TRANSCRIPT_2	ID_17037	0.00	-4.48	10.90	-5.30	-7.62	-7.91
	1.00	LOCUS_42652.0_TRANSCRIPT_1	ID_17050	0.00	104.72	229.28	31.98	-8.12	3.55
	1.00	LOCUS_42654.0_TRANSCRIPT_3	ID_17053	0.00	-7.08	3.84	-6.19	-10.19	-11.77
	1.00	LOCUS_42656.0_TRANSCRIPT_1	ID_17055	0.00	13.42	161.53	0.83	-66.00	-59.45
	1.00	LOCUS_42696.1_TRANSCRIPT_1	ID_17105	0.00	-16.84	127.99	-18.78	-26.84	-29.85
	1.00	LOCUS_42820.0_TRANSCRIPT_1	ID_17248	0.00	-5.09	12.08	-18.29	-19.06	-18.87
	1.00	LOCUS_42847.0_TRANSCRIPT_1	ID_17278	0.00	-48.52	20.67	-142.14	-172.82	-162.59
	1.00	LOCUS_42848.0_TRANSCRIPT_1	ID_17279	0.00	-93.20	117.84	-121.90	-217.49	-231.80
	1.00	LOCUS_42850.0_TRANSCRIPT_1	ID_17280	0.00	0.33	1.20	-0.03	-0.31	-0.06
	1.00	LOCUS_42850.1_TRANSCRIPT_2	ID_17282	0.00	-56.87	850.50	-416.69	-665.13	-565.42
	1.00	LOCUS_42898.0_TRANSCRIPT_1	ID_17332	0.00	-4.91	-0.08	-11.02	-11.28	-9.56
	1.00	LOCUS_42947.0_TRANSCRIPT_1	ID_17380	0.00	1.64	2.12	-2.87	-2.71	-2.44
	1.00	LOCUS_42986.1_TRANSCRIPT_1	ID_17430	0.00	3.44	1.66	-3.19	-4.97	-4.42
	1.00	LOCUS_43031.0_TRANSCRIPT_1	ID_17476	0.00	-4.32	1.07	-6.86	-6.82	-6.68
	1.00	LOCUS_43032.0_TRANSCRIPT_1	ID_17477	0.00	-26.09	63.47	-42.32	-44.21	-58.09
	1.00	LOCUS_43041.2_TRANSCRIPT_3	ID_17490	0.00	-1.49	0.37	-3.31	-4.09	-4.20
	1.00	LOCUS_43062.0_TRANSCRIPT_1	ID_17519	0.00	-2.33	-0.30	-4.23	-4.81	-3.32
	1.00	LOCUS_43077.0_TRANSCRIPT_1	ID_17533	0.00	-2.55	13.40	-16.20	-15.96	-18.88
	1.00	LOCUS_43077.0_TRANSCRIPT_2	ID_17534	0.00	-5.97	9.57	-8.69	-8.76	-9.82
	1.00	LOCUS_43077.1_TRANSCRIPT_1	ID_17535	0.00	-0.31	2.45	-3.24	-3.62	-2.29
	1.00	LOCUS_43097.0_TRANSCRIPT_1	ID_17556	0.00	-7.24	49.05	-44.16	-36.98	-42.81
	1.00	LOCUS_43124.2_TRANSCRIPT_1	ID_17585	0.00	-8.40	1.32	-14.19	-24.04	-10.96
	1.00	LOCUS_43125.0_TRANSCRIPT_1	ID_17586	0.00	-0.86	1.72	-0.54	-1.28	-1.36
	1.00	LOCUS_43127.0_TRANSCRIPT_2	ID_17592	0.00	-1.11	1.89	-2.45	-4.27	-3.36
	1.00	LOCUS_43139.0_TRANSCRIPT_9	ID_17609	0.00	-1.21	1.10	-0.91	-1.47	-1.27
	1.00	LOCUS_43152.0_TRANSCRIPT_1	ID_17622	0.00	16.44	46.22	3.88	0.83	-2.51
	1.00	LOCUS_43174.0_TRANSCRIPT_3	ID_17645	0.00	-3.26	4.75	-4.98	-4.28	-4.64
	1.00	LOCUS_43211.0_TRANSCRIPT_4	ID_17686	0.00	1.96	6.00	0.43	0.14	0.06
	1.00	LOCUS_4322.0_TRANSCRIPT_1	ID_17695	0.00	-0.49	0.54	-0.34	-0.46	-0.54
	1.00	LOCUS_43233.1_TRANSCRIPT_3	ID_17710	0.00	13.65	81.37	-19.51	-24.86	-26.76
	1.00	LOCUS_43266.0_TRANSCRIPT_1	ID_17741	0.00	2.71	15.58	-11.76	-16.90	-18.06
	1.00	LOCUS_43332.0_TRANSCRIPT_1	ID_17805	0.00	-12.56	4.17	-16.77	-22.23	-15.62
	1.00	LOCUS_43332.0_TRANSCRIPT_4	ID_17806	0.00	-0.84	0.66	-1.41	-1.72	-1.36
	1.00	LOCUS_43363.0_TRANSCRIPT_1	ID_17840	0.00	3.75	7.96	-0.26	-2.04	-3.38
	1.00	LOCUS_43367.0_TRANSCRIPT_5	ID_17845	0.00	-1.02	0.33	-1.56	-1.70	-1.37
	1.00	LOCUS_43465.0_TRANSCRIPT_1	ID_17952	0.00	-0.16	0.71	-0.30	-0.24	-0.18
	1.00	LOCUS_43492.0_TRANSCRIPT_1	ID_17984	0.00	-11.08	-0.37	-12.92	-12.78	-13.78
	1.00	LOCUS_43514.1_TRANSCRIPT_5	ID_18010	0.00	-0.48	0.57	-0.33	-0.56	-0.54
	1.00	LOCUS_43563.0_TRANSCRIPT_1	ID_18064	0.00	-0.83	1.04	-0.59	-0.93	-0.78
	1.00	LOCUS_43579.0_TRANSCRIPT_1	ID_18079	0.00	-0.34	0.75	-3.67	-5.83	-5.08
	1.00	LOCUS_43617.0_TRANSCRIPT_2	ID_18117	0.00	0.01	2.28	-11.47	-4.53	-8.19
	1.00	LOCUS_43662.0_TRANSCRIPT_1	ID_18183	0.00	-20.23	19.68	-28.33	-40.27	-38.22
	1.00	LOCUS_43702.0_TRANSCRIPT_2	ID_18227	0.00	-0.81	0.11	-1.89	-1.90	-1.52
	1.00	LOCUS_43788.1_TRANSCRIPT_1	ID_18333	0.00	7.18	28.33	-3.00	-3.85	-2.53
	1.00	LOCUS_43802.0_TRANSCRIPT_1	ID_18348	0.00	-2.84	2.35	-4.87	-7.82	-3.26
	1.00	LOCUS_43810.0_TRANSCRIPT_1	ID_18359	0.00	-0.86	0.73	-0.76	-0.66	-0.88
	1.00	LOCUS_43812.0_TRANSCRIPT_2	ID_18365	0.00	-15.55	14.43	-15.48	-19.08	-10.44
	1.00	LOCUS_43828.0_TRANSCRIPT_3	ID_18377	0.00	1.62	2.91	-0.14	-0.79	-1.00
	1.00	LOCUS_43842.0_TRANSCRIPT_5	ID_18392	0.00	-0.23	0.73	-0.16	-0.77	-0.42
	1.00	LOCUS_43845.0_TRANSCRIPT_1	ID_18394	0.00	-1.75	2.43	-4.02	-4.88	-3.48
	1.00	LOCUS_43886.0_TRANSCRIPT_1	ID_18436	0.00	-135.80	-6.81	-221.43	-257.00	-221.90
	1.00	LOCUS_43916.0_TRANSCRIPT_2	ID_18474	0.00	-4.16	-0.66	-4.77	-6.22	-5.87
	1.00	LOCUS_43930.1_TRANSCRIPT_3	ID_18491	0.00	-2.89	2.85	-4.40	-6.33	-5.95
	1.00	LOCUS_43952.1_TRANSCRIPT_1	ID_18513	0.00	9.70	87.59	-6.26	-18.76	-15.82
	1.00	LOCUS_43954.0_TRANSCRIPT_1	ID_18514	0.00	31.27	293.15	-31.29	-68.55	-87.30
	1.00	LOCUS_43954.1_TRANSCRIPT_1	ID_18515	0.00	-14.77	159.18	-68.61	-91.65	-79.86
	1.00	LOCUS_43990.0_TRANSCRIPT_1	ID_18539	0.00	-0.08	2.31	-2.83	-3.09	-3.13
	1.00	LOCUS_44001.0_TRANSCRIPT_1	ID_18553	0.00	-3.95	0.30	-8.33	-8.88	-6.34
	1.00	LOCUS_44020.0_TRANSCRIPT_1	ID_18575	0.00	-23.79	3.36	-31.42	-40.64	-28.86
	1.00	LOCUS_44041.1_TRANSCRIPT_1	ID_18601	0.00	-19.08	36.43	-25.24	-36.40	-32.96
	1.00	LOCUS_44051.1_TRANSCRIPT_1	ID_18619	0.00	-0.36	11.46	-3.54	-0.73	-2.29
	1.00	LOCUS_44074.0_TRANSCRIPT_1	ID_18653	0.00	0.95	97.29	-25.29	-68.66	-54.68
	1.00	LOCUS_44099.1_TRANSCRIPT_1	ID_18676	0.00	-2.08	2.18	-3.35	-4.39	-7.02
	1.00	LOCUS_44147.0_TRANSCRIPT_2	ID_18725	0.00	-0.94	-0.29	-1.68	-1.38	-1.65
	1.00	LOCUS_44157.3_TRANSCRIPT_1	ID_18740	0.00	-0.59	0.26	-0.64	-0.78	-0.34
	1.00	LOCUS_44169.0_TRANSCRIPT_1	ID_18753	0.00	7.63	33.79	-11.48	-30.22	-32.78
	1.00	LOCUS_44181.0_TRANSCRIPT_1	ID_18767	0.00	-26.98	8.27	-21.46	-34.08	-30.85
	1.00	LOCUS_44195.0_TRANSCRIPT_3	ID_18789	0.00	-0.16	0.95	-0.70	-0.89	-1.17
	1.00	LOCUS_44198.0_TRANSCRIPT_1	ID_18796	0.00	0.20	1.25	-0.14	-0.15	0.00
	1.00	LOCUS_4429.0_TRANSCRIPT_1	ID_18890	0.00	0.05	0.74	-0.23	-0.21	-0.51
	1.00	LOCUS_44336.0_TRANSCRIPT_1	ID_18953	0.00	-212.86	48.62	-332.40	-380.01	-380.98
	1.00	LOCUS_44375.0_TRANSCRIPT_1	ID_18999	0.00	2.67	7.61	-1.86	-3.20	-2.31
	1.00	LOCUS_44388.0_TRANSCRIPT_2	ID_19014	0.00	-0.35	0.57	-0.92	-1.05	-1.12
	1.00	LOCUS_44392.0_TRANSCRIPT_3	ID_19021	0.00	-0.47	0.12	-0.67	-1.12	-0.51
	1.00	LOCUS_44404.1_TRANSCRIPT_1	ID_19046	0.00	-0.00	0.87	-0.14	-0.14	-0.14
	1.00	LOCUS_44450.0_TRANSCRIPT_1	ID_19108	0.00	1.40	8.22	-1.45	-2.31	-2.21
	1.00	LOCUS_44458.0_TRANSCRIPT_1	ID_19115	0.00	-49.83	76.24	-52.19	-108.82	-87.54
	1.00	LOCUS_44489.3_TRANSCRIPT_1	ID_19159	0.00	0.06	26.95	-3.84	-7.57	-7.20
	1.00	LOCUS_44527.0_TRANSCRIPT_2	ID_19209	0.00	-0.45	0.96	-1.16	-3.22	-2.54
	1.00	LOCUS_44573.0_TRANSCRIPT_1	ID_19262	0.00	0.11	1.57	-0.57	-0.84	-0.81
	1.00	LOCUS_44597.0_TRANSCRIPT_3	ID_19291	0.00	9.59	72.10	-11.86	-41.15	-32.59
	1.00	LOCUS_44612.0_TRANSCRIPT_2	ID_19313	0.00	-0.16	0.78	-0.84	-0.73	-0.53
	1.00	LOCUS_44658.1_TRANSCRIPT_1	ID_19363	0.00	-582.01	184.09	-891.94	-1,133.56	-1,155.57
	1.00	LOCUS_44660.0_TRANSCRIPT_1	ID_19366	0.00	-1.69	0.15	-2.53	-3.26	-3.34
	1.00	LOCUS_44667.0_TRANSCRIPT_1	ID_19371	0.00	-22.20	37.06	-18.96	-15.93	-24.33
	1.00	LOCUS_44699.0_TRANSCRIPT_1	ID_19404	0.00	-1.96	6.65	-1.65	-2.47	-2.06
	1.00	LOCUS_44702.0_TRANSCRIPT_1	ID_19408	0.00	-54.12	33.90	-48.93	-66.80	-70.39
	1.00	LOCUS_44731.0_TRANSCRIPT_1	ID_19437	0.00	-139.76	4.16	-241.61	-284.82	-250.76
	1.00	LOCUS_44739.0_TRANSCRIPT_2	ID_19446	0.00	-1.60	1.38	-1.82	-4.02	-3.28
	1.00	LOCUS_44746.0_TRANSCRIPT_1	ID_19456	0.00	-0.23	3.29	-0.32	-3.18	-3.81
	1.00	LOCUS_44773.0_TRANSCRIPT_1	ID_19492	0.00	-9.52	26.07	-172.06	-151.12	-170.70
	1.00	LOCUS_44793.4_TRANSCRIPT_1	ID_19534	0.00	-0.16	1.41	-0.92	-1.66	-2.45
	1.00	LOCUS_44793.5_TRANSCRIPT_1	ID_19535	0.00	-2.26	1.15	-4.41	-6.42	-6.18
	1.00	LOCUS_44824.0_TRANSCRIPT_1	ID_19569	0.00	29.11	90.70	-12.01	-22.95	-17.04
	1.00	LOCUS_44872.0_TRANSCRIPT_1	ID_19618	0.00	-13.86	-3.73	-33.47	-28.77	-28.62
	1.00	LOCUS_44872.0_TRANSCRIPT_3	ID_19620	0.00	-12.32	5.60	-15.65	-18.05	-16.77
	1.00	LOCUS_44919.0_TRANSCRIPT_1	ID_19679	0.00	-21.84	352.95	-161.78	-217.19	-204.41
	1.00	LOCUS_44939.0_TRANSCRIPT_3	ID_19698	0.00	-0.51	0.50	-1.03	-1.42	-1.37
	1.00	LOCUS_44960.1_TRANSCRIPT_1	ID_19714	0.00	-27.93	35.97	-34.41	-21.76	-17.57
	1.00	LOCUS_44962.2_TRANSCRIPT_1	ID_19718	0.00	-34.86	-10.40	-56.03	-58.60	-59.49
	1.00	LOCUS_44964.0_TRANSCRIPT_1	ID_19721	0.00	-13.30	25.24	-8.25	-17.85	-14.28
	1.00	LOCUS_45066.1_TRANSCRIPT_2	ID_19830	0.00	-3.68	23.03	-13.08	-20.59	-21.23
	1.00	LOCUS_45075.0_TRANSCRIPT_1	ID_19845	0.00	-137.18	-0.75	-153.89	-184.12	-180.24
	1.00	LOCUS_45079.0_TRANSCRIPT_1	ID_19849	0.00	-632.75	332.69	-871.98	-1,138.66	-1,231.88
	1.00	LOCUS_45115.0_TRANSCRIPT_2	ID_19903	0.00	-0.45	0.54	-0.36	-0.77	-0.62
	1.00	LOCUS_45120.0_TRANSCRIPT_1	ID_19910	0.00	-199.33	-35.02	-310.66	-329.26	-295.73
	1.00	LOCUS_45124.0_TRANSCRIPT_1	ID_19913	0.00	0.41	24.30	-15.07	-27.94	-27.98
	1.00	LOCUS_45141.0_TRANSCRIPT_8	ID_19941	0.00	2.66	7.29	1.04	-0.46	-0.41
	1.00	LOCUS_45150.0_TRANSCRIPT_3	ID_19948	0.00	-0.08	0.33	-1.44	-1.94	-1.93
	1.00	LOCUS_45214.0_TRANSCRIPT_1	ID_20031	0.00	-0.67	6.43	-1.47	-0.96	-1.96
	1.00	LOCUS_45214.1_TRANSCRIPT_2	ID_20032	0.00	0.22	2.58	-1.08	-2.06	-1.24
	1.00	LOCUS_45215.0_TRANSCRIPT_1	ID_20033	0.00	-1.19	-0.10	-1.59	-1.60	-1.66
	1.00	LOCUS_45237.2_TRANSCRIPT_1	ID_20073	0.00	-6.15	17.87	-9.19	-32.92	-32.55
	1.00	LOCUS_45302.0_TRANSCRIPT_2	ID_20138	0.00	2.38	13.74	-4.41	-7.53	-7.57
	1.00	LOCUS_45335.0_TRANSCRIPT_1	ID_20181	0.00	-3.41	3.94	-2.05	-4.45	-4.71
	1.00	LOCUS_45348.0_TRANSCRIPT_1	ID_20193	0.00	-6.37	10.93	-21.30	-29.33	-20.83
	1.00	LOCUS_45361.0_TRANSCRIPT_1	ID_20209	0.00	-253.17	-50.04	-648.93	-792.76	-718.95
	1.00	LOCUS_45468.0_TRANSCRIPT_1	ID_20356	0.00	-4.14	37.91	-31.12	-48.65	-44.99
	1.00	LOCUS_45517.0_TRANSCRIPT_1	ID_20408	0.00	-14.64	15.44	-24.88	-63.34	-56.27
	1.00	LOCUS_45561.0_TRANSCRIPT_1	ID_20471	0.00	9.97	32.34	-185.42	-206.50	-208.00
	1.00	LOCUS_45596.0_TRANSCRIPT_1	ID_20515	0.00	374.98	232.59	-576.80	-653.01	-635.11
	1.00	LOCUS_45640.0_TRANSCRIPT_6	ID_20567	0.00	0.08	0.76	-0.36	-0.26	-0.21
	1.00	LOCUS_45686.0_TRANSCRIPT_2	ID_20616	0.00	-0.37	1.81	-0.49	-0.41	-0.29
	1.00	LOCUS_45686.1_TRANSCRIPT_1	ID_20617	0.00	-1.68	8.28	-2.49	-2.72	-3.29
	1.00	LOCUS_45687.0_TRANSCRIPT_1	ID_20618	0.00	-110.52	260.24	-110.08	-274.11	-249.98
	1.00	LOCUS_45694.0_TRANSCRIPT_1	ID_20626	0.00	-27.72	12.32	-23.39	-30.80	-28.47
	1.00	LOCUS_45704.2_TRANSCRIPT_1	ID_20639	0.00	-1.57	0.73	-2.20	-2.73	-3.01
	1.00	LOCUS_45710.0_TRANSCRIPT_1	ID_20643	0.00	-12.76	23.36	-12.28	-23.46	-14.90
	1.00	LOCUS_45742.0_TRANSCRIPT_3	ID_20685	0.00	-0.80	2.63	-2.04	-2.31	-2.61
	1.00	LOCUS_45743.0_TRANSCRIPT_1	ID_20688	0.00	-10.45	6.32	-13.95	-16.57	-15.44
	1.00	LOCUS_45761.0_TRANSCRIPT_1	ID_20715	0.00	-9.24	44.02	-14.96	-21.25	-17.74
	1.00	LOCUS_45806.0_TRANSCRIPT_1	ID_20768	0.00	-74.32	70.46	-121.66	-159.07	-144.78
	1.00	LOCUS_45809.1_TRANSCRIPT_1	ID_20776	0.00	-1.84	67.86	-21.81	-64.48	-50.48
	1.00	LOCUS_45865.0_TRANSCRIPT_3	ID_20847	0.00	-9.09	0.79	-13.32	-15.65	-15.04
	1.00	LOCUS_45880.0_TRANSCRIPT_14	ID_20875	0.00	0.96	16.81	-16.57	-20.82	-21.35
	1.00	LOCUS_45897.0_TRANSCRIPT_1	ID_20905	0.00	-28.56	-9.39	-49.06	-58.26	-46.17
	1.00	LOCUS_45910.0_TRANSCRIPT_1	ID_20919	0.00	-1.17	1.55	-0.71	-2.33	-1.23
	1.00	LOCUS_45913.0_TRANSCRIPT_1	ID_20927	0.00	-2.42	-0.44	-3.05	-2.87	-3.05
	1.00	LOCUS_45926.1_TRANSCRIPT_1	ID_20944	0.00	-88.82	-10.27	-107.48	-129.58	-133.52
	1.00	LOCUS_45938.0_TRANSCRIPT_1	ID_20951	0.00	-0.50	0.85	-0.48	-0.54	-0.40
	1.00	LOCUS_45945.0_TRANSCRIPT_1	ID_20956	0.00	0.70	2.98	-2.70	-0.03	-1.91
	1.00	LOCUS_46017.0_TRANSCRIPT_3	ID_21040	0.00	1.33	2.49	-0.11	0.49	-0.01
	1.00	LOCUS_46051.0_TRANSCRIPT_1	ID_21079	0.00	-219.88	22.38	-369.87	-470.57	-437.66
	1.00	LOCUS_46088.0_TRANSCRIPT_1	ID_21125	0.00	-6.48	3.27	-29.73	-34.88	-34.99
	1.00	LOCUS_46088.1_TRANSCRIPT_1	ID_21126	0.00	-0.89	4.20	-3.10	-5.63	-3.07
	1.00	LOCUS_46088.3_TRANSCRIPT_1	ID_21127	0.00	-30.83	8.18	-54.03	-55.79	-47.04
	1.00	LOCUS_46105.0_TRANSCRIPT_3	ID_21140	0.00	0.22	1.19	-0.56	-0.33	-0.98
	1.00	LOCUS_46128.1_TRANSCRIPT_8	ID_21175	0.00	-0.85	-0.01	-3.80	-4.27	-4.33
	1.00	LOCUS_46144.0_TRANSCRIPT_1	ID_21197	0.00	9.76	74.70	-8.07	-9.23	-6.83
	1.00	LOCUS_46169.1_TRANSCRIPT_1	ID_21228	0.00	-6.47	-1.12	-14.69	-15.07	-16.58
	1.00	LOCUS_46207.1_TRANSCRIPT_1	ID_21276	0.00	-30.81	83.09	-29.92	-62.56	-42.83
	1.00	LOCUS_46218.0_TRANSCRIPT_1	ID_21303	0.00	-0.15	0.92	-1.01	-1.22	-1.29
	1.00	LOCUS_46246.1_TRANSCRIPT_1	ID_21348	0.00	-27.21	-6.18	-58.70	-61.96	-65.18
	1.00	LOCUS_46283.0_TRANSCRIPT_3	ID_21409	0.00	-0.90	1.46	-1.71	-2.21	-2.44
	1.00	LOCUS_46320.0_TRANSCRIPT_2	ID_21456	0.00	-138.40	35.68	-193.90	-308.26	-256.82
	1.00	LOCUS_46328.0_TRANSCRIPT_2	ID_21466	0.00	-217.74	-40.89	-490.03	-569.76	-565.10
	1.00	LOCUS_46356.0_TRANSCRIPT_1	ID_21501	0.00	1.19	39.37	-40.19	-29.11	-44.56
	1.00	LOCUS_46379.0_TRANSCRIPT_7	ID_21533	0.00	-14.65	41.54	-25.16	-42.01	-42.71
	1.00	LOCUS_46408.0_TRANSCRIPT_2	ID_21576	0.00	-0.40	1.03	-1.79	-1.86	-0.92
	1.00	LOCUS_46408.4_TRANSCRIPT_4	ID_21584	0.00	-3.43	0.35	-3.52	-4.32	-3.99
	1.00	LOCUS_46414.0_TRANSCRIPT_1	ID_21594	0.00	30.92	112.96	-36.75	-51.64	-63.49
	1.00	LOCUS_46435.4_TRANSCRIPT_2	ID_21632	0.00	-78.36	291.22	-62.28	-128.53	-120.61
	1.00	LOCUS_46458.0_TRANSCRIPT_1	ID_21664	0.00	-2.62	5.95	-3.99	-3.15	-7.57
	1.00	LOCUS_46461.0_TRANSCRIPT_1	ID_21669	0.00	-75.13	-8.96	-81.20	-85.25	-92.43
	1.00	LOCUS_46507.0_TRANSCRIPT_1	ID_21719	0.00	-0.46	0.02	-1.99	-1.74	-2.02
	1.00	LOCUS_46520.0_TRANSCRIPT_4	ID_21737	0.00	-3.98	-0.21	-3.86	-5.71	-5.00
	1.00	LOCUS_46523.0_TRANSCRIPT_1	ID_21742	0.00	-17.37	12.10	-21.16	-20.63	-20.88
	1.00	LOCUS_46535.0_TRANSCRIPT_5	ID_21755	0.00	-3.29	0.76	-3.25	-4.42	-3.62
	1.00	LOCUS_46571.1_TRANSCRIPT_2	ID_21807	0.00	-0.59	2.45	-9.41	-11.51	-6.85
	1.00	LOCUS_46576.0_TRANSCRIPT_1	ID_21813	0.00	-1.47	16.66	-14.76	-21.01	-13.30
	1.00	LOCUS_46576.1_TRANSCRIPT_1	ID_21814	0.00	0.11	1.73	-8.85	-6.22	-5.80
	1.00	LOCUS_46582.0_TRANSCRIPT_1	ID_21818	0.00	-1.41	1.03	-4.82	-5.12	-5.19
	1.00	LOCUS_46606.0_TRANSCRIPT_1	ID_21849	0.00	-18.40	54.96	-35.15	-42.04	-48.85
	1.00	LOCUS_46711.0_TRANSCRIPT_1	ID_21988	0.00	-0.32	1.09	-0.52	-0.78	-0.78
	1.00	LOCUS_46727.0_TRANSCRIPT_1	ID_22019	0.00	-2.64	1.54	-2.37	-5.14	-3.88
	1.00	LOCUS_46731.0_TRANSCRIPT_1	ID_22027	0.00	-4.28	1.35	-8.23	-5.60	-6.20
	1.00	LOCUS_46768.0_TRANSCRIPT_2	ID_22074	0.00	-0.76	53.55	-5.12	-14.22	-15.02
	1.00	LOCUS_46817.0_TRANSCRIPT_2	ID_22140	0.00	-0.90	0.03	-0.83	-1.33	-1.28
	1.00	LOCUS_46819.0_TRANSCRIPT_1	ID_22143	0.00	-17.36	39.45	-12.45	-34.78	-19.60
	1.00	LOCUS_46851.1_TRANSCRIPT_3	ID_22187	0.00	-0.61	0.73	-0.78	-1.54	-1.10
	1.00	LOCUS_46891.1_TRANSCRIPT_4	ID_22253	0.00	0.75	2.59	-0.18	-0.54	0.07
	1.00	LOCUS_46911.0_TRANSCRIPT_2	ID_22286	0.00	0.14	1.68	-1.15	-0.88	-0.99
	1.00	LOCUS_46973.1_TRANSCRIPT_1	ID_22370	0.00	-2.61	13.96	-6.11	-8.97	-5.85
	1.00	LOCUS_46988.0_TRANSCRIPT_1	ID_22391	0.00	1.30	2.66	-3.06	-6.25	-4.65
	1.00	LOCUS_46989.0_TRANSCRIPT_1	ID_22392	0.00	14.96	6.54	-12.30	-12.51	-12.99
	1.00	LOCUS_47001.0_TRANSCRIPT_1	ID_22409	0.00	-13.62	114.32	-13.55	-56.80	-46.61
	1.00	LOCUS_47063.1_TRANSCRIPT_1	ID_22493	0.00	-1.33	7.52	-1.12	-5.11	-4.41
	1.00	LOCUS_47067.0_TRANSCRIPT_1	ID_22501	0.00	-0.15	0.48	-0.13	-0.67	-0.53
	1.00	LOCUS_47113.1_TRANSCRIPT_1	ID_22567	0.00	0.87	0.63	-1.43	-2.99	-2.49
	1.00	LOCUS_47132.0_TRANSCRIPT_2	ID_22597	0.00	1.91	52.02	-1.83	-13.62	-16.63
	1.00	LOCUS_47132.1_TRANSCRIPT_1	ID_22598	0.00	-17.57	25.38	-20.84	-27.47	-29.12
	1.00	LOCUS_47137.0_TRANSCRIPT_2	ID_22607	0.00	-0.08	1.22	-0.35	-0.32	-0.35
	1.00	LOCUS_47155.0_TRANSCRIPT_6	ID_22625	0.00	0.40	8.73	-3.25	-5.85	-7.71
	1.00	LOCUS_47155.1_TRANSCRIPT_1	ID_22626	0.00	0.52	4.27	-0.09	-2.50	-2.07
	1.00	LOCUS_47159.0_TRANSCRIPT_2	ID_22630	0.00	-0.01	2.32	-0.59	-0.53	-0.89
	1.00	LOCUS_47171.0_TRANSCRIPT_1	ID_22645	0.00	-29.01	3.18	-29.20	-39.16	-24.96
	1.00	LOCUS_47235.0_TRANSCRIPT_10	ID_22723	0.00	-0.52	-0.10	-1.04	-1.15	-1.02
	1.00	LOCUS_47250.0_TRANSCRIPT_2	ID_22746	0.00	0.32	1.44	0.14	-1.00	-0.63
	1.00	LOCUS_47260.0_TRANSCRIPT_3	ID_22759	0.00	0.26	2.55	-0.44	-0.76	-0.11
	1.00	LOCUS_47263.0_TRANSCRIPT_16	ID_22762	0.00	-0.55	0.05	-0.99	-0.54	-1.14
	1.00	LOCUS_47273.0_TRANSCRIPT_1	ID_22780	0.00	-16.66	19.35	-21.80	-18.72	-23.56
	1.00	LOCUS_47289.0_TRANSCRIPT_2	ID_22801	0.00	-0.76	0.01	-1.05	-1.11	-1.15
	1.00	LOCUS_47311.0_TRANSCRIPT_3	ID_22822	0.00	1.01	2.64	-0.82	-0.58	-0.71
	1.00	LOCUS_47412.1_TRANSCRIPT_1	ID_22946	0.00	10.41	432.15	-188.46	-234.85	-182.48
	1.00	LOCUS_47429.0_TRANSCRIPT_1	ID_22969	0.00	-30.24	45.52	-31.90	-59.73	-42.69
	1.00	LOCUS_47430.1_TRANSCRIPT_1	ID_22971	0.00	-4.25	0.36	-6.07	-6.49	-7.16
	1.00	LOCUS_47438.0_TRANSCRIPT_1	ID_22990	0.00	-6.06	36.56	-35.07	-39.62	-34.99
	1.00	LOCUS_47442.0_TRANSCRIPT_1	ID_22996	0.00	-9.67	3.52	-18.91	-27.80	-24.63
	1.00	LOCUS_47447.0_TRANSCRIPT_3	ID_23001	0.00	-1.23	1.79	-1.73	-0.94	-1.51
	1.00	LOCUS_47476.0_TRANSCRIPT_1	ID_23053	0.00	-3.12	4.34	-4.52	-6.05	-5.94
	1.00	LOCUS_47484.0_TRANSCRIPT_1	ID_23060	0.00	-0.11	1.69	-0.52	-0.40	-0.66
	1.00	LOCUS_47484.0_TRANSCRIPT_3	ID_23061	0.00	0.27	2.94	-0.91	-0.26	-0.81
	1.00	LOCUS_47488.1_TRANSCRIPT_2	ID_23068	0.00	-2.31	1.41	-2.64	-2.48	-1.61
	1.00	LOCUS_47496.0_TRANSCRIPT_2	ID_23087	0.00	-43.62	5.47	-79.01	-89.17	-115.56
	1.00	LOCUS_47499.0_TRANSCRIPT_1	ID_23089	0.00	2.44	5.14	-6.04	-6.33	-4.88
	1.00	LOCUS_47553.1_TRANSCRIPT_1	ID_23169	0.00	0.21	2.69	-0.97	-0.91	-1.01
	1.00	LOCUS_47577.0_TRANSCRIPT_3	ID_23210	0.00	-2.48	1.54	-2.79	-2.92	-3.04
	1.00	LOCUS_47577.0_TRANSCRIPT_9	ID_23213	0.00	-12.33	24.66	-12.58	-18.01	-20.76
	1.00	LOCUS_47585.0_TRANSCRIPT_8	ID_23224	0.00	-8.27	2.73	-10.37	-11.46	-12.73
	1.00	LOCUS_47615.1_TRANSCRIPT_1	ID_23261	0.00	-7.85	-1.36	-14.22	-16.73	-15.02
	1.00	LOCUS_47616.0_TRANSCRIPT_1	ID_23262	0.00	0.25	30.52	-31.42	-57.61	-47.05
	1.00	LOCUS_47617.0_TRANSCRIPT_2	ID_23263	0.00	0.83	9.91	-9.36	-9.12	-10.13
	1.00	LOCUS_47625.0_TRANSCRIPT_2	ID_23276	0.00	-1.98	0.09	-4.60	-7.57	-5.44
	1.00	LOCUS_47663.1_TRANSCRIPT_3	ID_23320	0.00	-3.31	2.48	-9.20	-12.73	-5.97
	1.00	LOCUS_47663.2_TRANSCRIPT_1	ID_23321	0.00	-92.89	-24.77	-114.61	-143.57	-128.42
	1.00	LOCUS_47675.0_TRANSCRIPT_1	ID_23340	0.00	8.97	28.61	-8.28	-12.98	-14.36
	1.00	LOCUS_47695.0_TRANSCRIPT_1	ID_23361	0.00	1.17	22.97	-11.52	-27.63	-15.96
	1.00	LOCUS_47706.0_TRANSCRIPT_1	ID_23373	0.00	-4.61	8.39	-17.04	-11.47	-17.67
	1.00	LOCUS_47755.0_TRANSCRIPT_1	ID_23431	0.00	-2.56	36.83	-3.62	-7.40	-8.55
	1.00	LOCUS_47756.0_TRANSCRIPT_1	ID_23432	0.00	0.09	0.26	-1.67	-1.93	-1.40
	1.00	LOCUS_47771.0_TRANSCRIPT_1	ID_23449	0.00	-7.57	1.55	-42.42	-54.92	-47.95
	1.00	LOCUS_47799.0_TRANSCRIPT_13	ID_23485	0.00	-0.19	0.78	-0.22	-0.61	-0.40
	1.00	LOCUS_47808.0_TRANSCRIPT_11	ID_23498	0.00	-32.81	1.36	-42.26	-33.67	-33.41
	1.00	LOCUS_47867.0_TRANSCRIPT_6	ID_23581	0.00	-25.30	2.71	-25.36	-38.64	-37.25
	1.00	LOCUS_47872.0_TRANSCRIPT_2	ID_23586	0.00	-0.71	-0.24	-1.23	-1.54	-1.18
	1.00	LOCUS_47900.0_TRANSCRIPT_1	ID_23623	0.00	1.13	1.73	-0.86	-1.48	-0.53
	1.00	LOCUS_47926.0_TRANSCRIPT_2	ID_23662	0.00	0.29	1.22	-0.10	-0.25	-0.09
	1.00	LOCUS_47928.0_TRANSCRIPT_1	ID_23664	0.00	-6.96	7.65	-11.03	-14.08	-14.58
	1.00	LOCUS_47937.0_TRANSCRIPT_2	ID_23678	0.00	-0.26	0.60	-1.07	-1.88	-1.95
	1.00	LOCUS_47937.0_TRANSCRIPT_4	ID_23680	0.00	-4.19	2.55	-2.96	-5.29	-3.75
	1.00	LOCUS_47938.2_TRANSCRIPT_1	ID_23681	0.00	-1.61	11.92	-13.27	-16.33	-18.43
	1.00	LOCUS_47938.2_TRANSCRIPT_3	ID_23683	0.00	-0.38	0.33	-1.01	-0.79	-0.99
	1.00	LOCUS_47945.0_TRANSCRIPT_6	ID_23694	0.00	46.48	567.03	-217.31	-454.95	-406.00
	1.00	LOCUS_48022.0_TRANSCRIPT_1	ID_23804	0.00	-14.21	26.95	-92.74	-109.17	-91.51
	1.00	LOCUS_48067.0_TRANSCRIPT_1	ID_23858	0.00	-3.67	4.59	-9.66	-6.63	-9.58
	1.00	LOCUS_48068.1_TRANSCRIPT_4	ID_23860	0.00	-3.08	0.03	-6.58	-7.97	-7.27
	1.00	LOCUS_48078.0_TRANSCRIPT_3	ID_23869	0.00	-0.04	0.69	-0.47	-0.37	-0.59
	1.00	LOCUS_48081.0_TRANSCRIPT_7	ID_23874	0.00	-0.19	2.19	-1.46	-1.48	-1.20
	1.00	LOCUS_48116.5_TRANSCRIPT_16	ID_23914	0.00	3.13	6.00	-0.49	-0.47	1.34
	1.00	LOCUS_48125.0_TRANSCRIPT_1	ID_23933	0.00	-4.96	27.50	-9.86	-11.49	-10.73
	1.00	LOCUS_48139.0_TRANSCRIPT_2	ID_23952	0.00	1.03	3.02	-3.59	-2.85	-4.11
	1.00	LOCUS_48147.0_TRANSCRIPT_1	ID_23959	0.00	4.90	81.27	-34.50	-50.77	-49.08
	1.00	LOCUS_48168.0_TRANSCRIPT_1	ID_23989	0.00	-2.58	0.25	-2.80	-2.74	-3.27
	1.00	LOCUS_48187.0_TRANSCRIPT_1	ID_24015	0.00	-9.09	1.69	-11.42	-12.87	-12.62
	1.00	LOCUS_48198.0_TRANSCRIPT_1	ID_24028	0.00	-403.76	-73.13	-492.42	-619.53	-549.64
	1.00	LOCUS_48201.0_TRANSCRIPT_1	ID_24032	0.00	17.50	52.90	6.85	-16.72	-6.76
	1.00	LOCUS_48230.0_TRANSCRIPT_8	ID_24073	0.00	0.38	1.65	0.12	-0.41	-0.34
	1.00	LOCUS_48251.0_TRANSCRIPT_1	ID_24115	0.00	-12.71	13.54	-11.60	-21.89	-22.98
	1.00	LOCUS_48255.2_TRANSCRIPT_1	ID_24124	0.00	4.37	23.20	-7.06	-20.07	-15.48
	1.00	LOCUS_48258.0_TRANSCRIPT_1	ID_24127	0.00	1.76	4.79	-0.54	-0.42	0.49
	1.00	LOCUS_48307.0_TRANSCRIPT_4	ID_24195	0.00	0.02	2.21	-0.01	-1.39	-0.42
	1.00	LOCUS_48310.0_TRANSCRIPT_2	ID_24199	0.00	-1.06	1.63	-3.86	-2.37	-3.94
	1.00	LOCUS_48349.1_TRANSCRIPT_1	ID_24242	0.00	-0.28	0.47	-0.64	-0.28	-0.51
	1.00	LOCUS_48407.0_TRANSCRIPT_2	ID_24324	0.00	-0.01	1.15	-1.44	-5.09	-3.80
	1.00	LOCUS_48431.0_TRANSCRIPT_1	ID_24359	0.00	1.67	5.18	-1.21	0.69	-1.18
	1.00	LOCUS_48435.0_TRANSCRIPT_5	ID_24370	0.00	0.86	4.82	-0.05	-0.84	-0.42
	1.00	LOCUS_48435.1_TRANSCRIPT_19	ID_24372	0.00	-1.12	2.10	-1.00	-1.46	-1.26
	1.00	LOCUS_48463.2_TRANSCRIPT_1	ID_24412	0.00	-13.97	22.42	-19.05	-33.81	-36.55
	1.00	LOCUS_48492.0_TRANSCRIPT_1	ID_24444	0.00	-0.61	1.17	-2.61	-3.63	-2.69
	1.00	LOCUS_48492.0_TRANSCRIPT_3	ID_24445	0.00	1.52	9.47	-2.60	-4.24	-4.36
	1.00	LOCUS_48522.0_TRANSCRIPT_1	ID_24481	0.00	-1.16	5.66	-0.55	-3.86	-3.53
	1.00	LOCUS_48532.0_TRANSCRIPT_5	ID_24495	0.00	2.14	8.53	0.58	-2.79	-1.02
	1.00	LOCUS_48570.1_TRANSCRIPT_1	ID_24555	0.00	-4.74	24.85	-13.60	-12.17	-17.77
	1.00	LOCUS_48646.0_TRANSCRIPT_2	ID_24665	0.00	-2.27	3.76	-3.46	-4.62	-3.99
	1.00	LOCUS_48712.0_TRANSCRIPT_1	ID_24764	0.00	13.07	39.53	5.82	-7.54	-8.59
	1.00	LOCUS_48712.0_TRANSCRIPT_2	ID_24765	0.00	0.06	0.58	-0.57	-1.74	-1.64
	1.00	LOCUS_48726.0_TRANSCRIPT_1	ID_24780	0.00	6.89	14.05	-7.71	-7.86	-6.78
	1.00	LOCUS_48726.2_TRANSCRIPT_1	ID_24782	0.00	-1.44	1.05	-3.66	-9.42	-6.27
	1.00	LOCUS_48745.0_TRANSCRIPT_2	ID_24814	0.00	-0.21	0.64	-0.49	-0.42	-0.50
	1.00	LOCUS_48755.0_TRANSCRIPT_1	ID_24827	0.00	-3.94	20.54	-7.04	-5.52	-7.44
	1.00	LOCUS_48756.0_TRANSCRIPT_2	ID_24829	0.00	-12.91	12.49	-9.81	-14.58	-12.04
	1.00	LOCUS_48757.0_TRANSCRIPT_6	ID_24831	0.00	0.06	0.21	-0.54	-0.97	-0.36
	1.00	LOCUS_48778.0_TRANSCRIPT_1	ID_24861	0.00	-5.23	38.28	-6.61	-14.56	-14.42
	1.00	LOCUS_48785.0_TRANSCRIPT_1	ID_24868	0.00	-2.14	3.47	-2.25	-4.01	-4.16
	1.00	LOCUS_48785.1_TRANSCRIPT_1	ID_24871	0.00	-6.32	12.41	-10.15	-7.84	-9.01
	1.00	LOCUS_48798.0_TRANSCRIPT_2	ID_24884	0.00	-0.69	0.64	-0.59	-0.80	-0.55
	1.00	LOCUS_48843.0_TRANSCRIPT_1	ID_24937	0.00	15.64	251.19	-14.98	-15.35	-5.87
	1.00	LOCUS_48848.0_TRANSCRIPT_2	ID_24945	0.00	1.23	3.23	-0.44	-0.12	0.50
	1.00	LOCUS_48891.0_TRANSCRIPT_2	ID_25001	0.00	1.00	2.53	0.11	-0.37	-0.72
	1.00	LOCUS_48944.0_TRANSCRIPT_2	ID_25080	0.00	-4.71	0.78	-7.65	-8.17	-8.12
	1.00	LOCUS_48967.1_TRANSCRIPT_5	ID_25110	0.00	-49.42	16.63	-49.78	-92.21	-83.66
	1.00	LOCUS_48984.1_TRANSCRIPT_1	ID_25137	0.00	-133.37	318.45	-116.86	-367.93	-196.66
	1.00	LOCUS_48995.0_TRANSCRIPT_3	ID_25151	0.00	0.59	0.92	-0.49	-0.65	-0.38
	1.00	LOCUS_49007.3_TRANSCRIPT_1	ID_25168	0.00	-95.54	-19.71	-169.71	-169.01	-172.75
	1.00	LOCUS_49029.0_TRANSCRIPT_1	ID_25184	0.00	-1.23	8.47	-16.45	-12.28	-15.95
	1.00	LOCUS_49056.0_TRANSCRIPT_8	ID_25227	0.00	0.76	0.39	-0.80	-0.86	-0.95
	1.00	LOCUS_49066.1_TRANSCRIPT_1	ID_25241	0.00	-7.38	6.81	-10.57	-10.29	-8.59
	1.00	LOCUS_49066.2_TRANSCRIPT_1	ID_25242	0.00	-2.62	0.77	-3.77	-3.42	-3.48
	1.00	LOCUS_49066.3_TRANSCRIPT_1	ID_25243	0.00	-4.56	1.82	-3.68	-4.66	-5.71
	1.00	LOCUS_49066.4_TRANSCRIPT_2	ID_25245	0.00	-3.32	3.62	-3.96	-2.59	-3.21
	1.00	LOCUS_49103.0_TRANSCRIPT_1	ID_25286	0.00	-4.19	6.49	-4.89	-5.80	-6.53
	1.00	LOCUS_49119.0_TRANSCRIPT_2	ID_25309	0.00	5.75	30.77	0.81	-1.02	-4.81
	1.00	LOCUS_49172.4_TRANSCRIPT_8	ID_25379	0.00	2.66	5.17	-40.51	-51.69	-31.53
	1.00	LOCUS_49184.0_TRANSCRIPT_5	ID_25402	0.00	0.60	0.44	-0.33	-0.46	-0.35
	1.00	LOCUS_49184.1_TRANSCRIPT_1	ID_25405	0.00	-62.55	62.25	-79.89	-97.19	-104.19
	1.00	LOCUS_49199.0_TRANSCRIPT_1	ID_25421	0.00	1.46	3.77	-0.20	-0.95	-1.13
	1.00	LOCUS_49234.0_TRANSCRIPT_9	ID_25495	0.00	0.31	4.69	-4.22	-4.33	-4.96
	1.00	LOCUS_49262.0_TRANSCRIPT_1	ID_25531	0.00	0.30	1.87	-0.89	-0.10	-1.14
	1.00	LOCUS_49299.0_TRANSCRIPT_10	ID_25586	0.00	58.64	165.70	-4.64	-10.57	-10.45
	1.00	LOCUS_49316.0_TRANSCRIPT_3	ID_25621	0.00	-0.10	14.19	-4.94	-8.00	-6.02
	1.00	LOCUS_49337.1_TRANSCRIPT_1	ID_25663	0.00	-0.34	12.51	-9.11	-13.28	-13.41
	1.00	LOCUS_49355.0_TRANSCRIPT_1	ID_25688	0.00	-7.43	2.79	-11.40	-13.97	-12.89
	1.00	LOCUS_49383.0_TRANSCRIPT_1	ID_25738	0.00	-19.39	13.02	-19.29	-15.57	-22.32
	1.00	LOCUS_49393.0_TRANSCRIPT_4	ID_25751	0.00	-32.10	-8.39	-81.31	-89.98	-87.50
	1.00	LOCUS_49410.1_TRANSCRIPT_2	ID_25765	0.00	-0.35	0.47	-0.37	-0.48	-0.56
	1.00	LOCUS_49412.0_TRANSCRIPT_1	ID_25768	0.00	3.72	11.66	-1.26	-5.83	-3.98
	1.00	LOCUS_49413.0_TRANSCRIPT_3	ID_25770	0.00	0.49	0.96	-0.11	-0.50	-0.24
	1.00	LOCUS_49421.1_TRANSCRIPT_1	ID_25775	0.00	25.54	52.62	-7.61	-25.13	-10.74
	1.00	LOCUS_49426.0_TRANSCRIPT_1	ID_25784	0.00	0.52	0.57	-2.72	-3.89	-3.31
	1.00	LOCUS_49435.0_TRANSCRIPT_1	ID_25800	0.00	0.21	0.76	-0.08	-0.50	-0.20
	1.00	LOCUS_49454.2_TRANSCRIPT_1	ID_25828	0.00	7.31	9.99	-19.12	-21.95	-21.33
	1.00	LOCUS_49498.0_TRANSCRIPT_1	ID_25879	0.00	-10.11	-1.04	-43.83	-44.76	-48.65
	1.00	LOCUS_49556.2_TRANSCRIPT_31	ID_25963	0.00	-2.29	10.18	-2.86	-3.56	-4.98
	1.00	LOCUS_49569.0_TRANSCRIPT_1	ID_25978	0.00	-4.76	-0.29	-7.01	-6.91	-7.19
	1.00	LOCUS_49576.0_TRANSCRIPT_1	ID_25993	0.00	-59.19	38.56	-41.90	-68.63	-53.84
	1.00	LOCUS_49582.1_TRANSCRIPT_2	ID_26001	0.00	-730.90	-88.91	-920.96	-1,111.39	-1,093.63
	1.00	LOCUS_49585.0_TRANSCRIPT_1	ID_26003	0.00	-3,063.01	-67.27	-2,963.55	-3,498.07	-3,827.24
	1.00	LOCUS_49755.1_TRANSCRIPT_1	ID_26195	0.00	-48.12	-8.75	-61.57	-76.33	-63.59
	1.00	LOCUS_49787.0_TRANSCRIPT_1	ID_26252	0.00	-0.37	0.93	-0.48	-1.13	-1.07
	1.00	LOCUS_49823.0_TRANSCRIPT_1	ID_26297	0.00	-15.46	4.72	-14.23	-23.71	-15.43
	1.00	LOCUS_49829.1_TRANSCRIPT_1	ID_26308	0.00	-3.13	0.99	-3.28	-3.32	-3.02
	1.00	LOCUS_49877.1_TRANSCRIPT_1	ID_26381	0.00	-92.04	-14.64	-116.94	-111.80	-128.97
	1.00	LOCUS_49886.2_TRANSCRIPT_2	ID_26391	0.00	-22.63	16.30	-49.10	-56.69	-40.90
	1.00	LOCUS_49955.0_TRANSCRIPT_4	ID_26506	0.00	-1.07	1.08	-1.28	-1.15	-0.87
	1.00	LOCUS_49980.0_TRANSCRIPT_2	ID_26546	0.00	-0.54	0.29	-3.63	-3.76	-3.91
	1.00	LOCUS_50014.2_TRANSCRIPT_10	ID_26607	0.00	52.96	45.16	-32.83	-36.81	-49.40
	1.00	LOCUS_50076.0_TRANSCRIPT_1	ID_26683	0.00	0.46	2.04	-0.88	-1.28	-1.38
	1.00	LOCUS_50077.0_TRANSCRIPT_1	ID_26686	0.00	-7.55	8.38	-6.44	-6.54	-4.60
	1.00	LOCUS_50116.0_TRANSCRIPT_1	ID_26723	0.00	-7.89	10.94	-4.71	-10.81	-7.51
	1.00	LOCUS_50143.0_TRANSCRIPT_2	ID_26771	0.00	-0.10	2.47	-0.43	-1.06	-1.03
	1.00	LOCUS_50167.1_TRANSCRIPT_2	ID_26799	0.00	-1.56	0.78	-1.97	-1.83	-1.96
	1.00	LOCUS_50178.0_TRANSCRIPT_10	ID_26818	0.00	-7.92	3.40	-13.07	-12.82	-13.33
	1.00	LOCUS_50178.0_TRANSCRIPT_2	ID_26819	0.00	-4.36	1.82	-7.31	-7.26	-7.59
	1.00	LOCUS_50185.0_TRANSCRIPT_1	ID_26834	0.00	-110.65	481.38	-94.89	-198.79	-206.36
	1.00	LOCUS_50195.0_TRANSCRIPT_1	ID_26854	0.00	-0.30	0.18	-0.53	-0.85	-0.70
	1.00	LOCUS_50201.0_TRANSCRIPT_1	ID_26862	0.00	-45.23	-16.46	-89.83	-97.99	-85.36
	1.00	LOCUS_50203.0_TRANSCRIPT_2	ID_26863	0.00	-0.34	0.17	-2.31	-2.35	-2.23
	1.00	LOCUS_50214.0_TRANSCRIPT_6	ID_26876	0.00	-0.19	0.69	-0.54	-0.65	-1.02
	1.00	LOCUS_50224.0_TRANSCRIPT_1	ID_26890	0.00	-0.85	1.34	-0.68	-1.24	-1.04
	1.00	LOCUS_50226.0_TRANSCRIPT_3	ID_26900	0.00	-2.76	7.42	-3.27	-4.27	-4.84
	1.00	LOCUS_50232.1_TRANSCRIPT_3	ID_26909	0.00	-4.01	0.77	-4.54	-7.55	-7.16
	1.00	LOCUS_50259.1_TRANSCRIPT_2	ID_26952	0.00	-0.78	0.91	-0.66	-1.35	-0.74
	1.00	LOCUS_50264.0_TRANSCRIPT_2	ID_26963	0.00	-28.00	14.69	-28.46	-32.69	-22.18
	1.00	LOCUS_50272.0_TRANSCRIPT_4	ID_26981	0.00	-2.00	1.45	-2.30	-2.27	-2.95
	1.00	LOCUS_50278.2_TRANSCRIPT_3	ID_26991	0.00	-155.31	16.72	-197.26	-309.64	-299.18
	1.00	LOCUS_50287.0_TRANSCRIPT_1	ID_27006	0.00	-1.06	6.07	-4.26	-8.25	-8.61
	1.00	LOCUS_50294.0_TRANSCRIPT_1	ID_27012	0.00	-0.97	0.56	-1.17	-1.12	-0.92
	1.00	LOCUS_50300.1_TRANSCRIPT_1	ID_27019	0.00	-13.59	13.31	-52.27	-93.79	-80.24
	1.00	LOCUS_50300.1_TRANSCRIPT_2	ID_27020	0.00	18.78	37.57	5.17	0.74	-1.54
	1.00	LOCUS_50303.0_TRANSCRIPT_4	ID_27030	0.00	-2.49	2.05	-2.24	-1.97	-2.84
	1.00	LOCUS_50307.0_TRANSCRIPT_1	ID_27038	0.00	-23.58	24.95	-26.90	-26.80	-27.62
	1.00	LOCUS_50359.0_TRANSCRIPT_2	ID_27117	0.00	-13.17	-3.52	-15.95	-19.43	-16.47
	1.00	LOCUS_50359.2_TRANSCRIPT_1	ID_27118	0.00	-0.51	1.42	-0.98	-1.05	-1.03
	1.00	LOCUS_50395.0_TRANSCRIPT_2	ID_27184	0.00	-2.56	0.46	-2.19	-3.21	-3.61
	1.00	LOCUS_50397.0_TRANSCRIPT_1	ID_27187	0.00	8.43	6.86	-6.99	-13.84	-9.63
	1.00	LOCUS_50479.1_TRANSCRIPT_1	ID_27302	0.00	-3.04	1.41	-2.01	-4.01	-3.81
	1.00	LOCUS_50524.1_TRANSCRIPT_1	ID_27362	0.00	-4.36	3.46	-5.62	-6.84	-7.57
	1.00	LOCUS_50529.1_TRANSCRIPT_1	ID_27368	0.00	27.50	92.98	-43.70	-50.31	-55.92
	1.00	LOCUS_50556.0_TRANSCRIPT_1	ID_27402	0.00	0.04	34.89	-6.01	-12.20	-8.73
	1.00	LOCUS_50573.2_TRANSCRIPT_2	ID_27431	0.00	-9.64	13.06	-9.96	-19.43	-16.92
	1.00	LOCUS_50581.0_TRANSCRIPT_1	ID_27445	0.00	-197.03	63.91	-285.80	-328.08	-318.86
	1.00	LOCUS_50596.0_TRANSCRIPT_1	ID_27470	0.00	-50.26	7.44	-57.94	-108.25	-104.53
	1.00	LOCUS_50619.0_TRANSCRIPT_1	ID_27502	0.00	1.09	1.43	-0.37	-0.93	-0.70
	1.00	LOCUS_50634.3_TRANSCRIPT_1	ID_27528	0.00	-3.21	53.06	-4.94	-23.31	-19.80
	1.00	LOCUS_50664.1_TRANSCRIPT_1	ID_27568	0.00	-8.74	-0.26	-15.51	-14.44	-15.17
	1.00	LOCUS_50667.0_TRANSCRIPT_1	ID_27574	0.00	5.08	11.74	-11.86	-24.62	-19.56
	1.00	LOCUS_50698.3_TRANSCRIPT_4	ID_27613	0.00	-0.51	17.20	-2.35	-9.28	-10.54
	1.00	LOCUS_50742.0_TRANSCRIPT_1	ID_27659	0.00	20.52	28.46	-1.35	-12.02	-25.27
	1.00	LOCUS_50797.1_TRANSCRIPT_2	ID_27731	0.00	0.03	1.22	-0.15	-0.23	-0.14
	1.00	LOCUS_50817.0_TRANSCRIPT_1	ID_27769	0.00	41.62	39.04	-61.20	-57.78	-82.22
	1.00	LOCUS_50836.0_TRANSCRIPT_2	ID_27798	0.00	0.42	1.22	-0.03	-0.22	-0.33
	1.00	LOCUS_50879.0_TRANSCRIPT_2	ID_27860	0.00	0.18	0.59	-1.32	-1.61	-1.17
	1.00	LOCUS_50880.1_TRANSCRIPT_2	ID_27865	0.00	4.35	43.99	-16.57	-35.34	-18.57
	1.00	LOCUS_50880.2_TRANSCRIPT_1	ID_27867	0.00	-23.89	88.89	-15.84	-77.37	-41.23
	1.00	LOCUS_50888.0_TRANSCRIPT_3	ID_27876	0.00	-4.16	2.93	-27.21	-58.98	-35.38
	1.00	LOCUS_50958.1_TRANSCRIPT_2	ID_27969	0.00	-6.94	1.74	-13.50	-18.20	-9.65
	1.00	LOCUS_50975.0_TRANSCRIPT_4	ID_27989	0.00	-0.17	0.69	-0.25	-0.98	-0.70
	1.00	LOCUS_51021.1_TRANSCRIPT_1	ID_28047	0.00	-0.31	3.42	-9.71	-7.70	-11.08
	1.00	LOCUS_51035.1_TRANSCRIPT_1	ID_28066	0.00	-61.14	-14.29	-114.80	-123.79	-128.32
	1.00	LOCUS_51057.0_TRANSCRIPT_7	ID_28092	0.00	-0.08	0.14	-2.40	-2.46	-2.41
	1.00	LOCUS_51079.2_TRANSCRIPT_5	ID_28124	0.00	-1.52	0.32	-1.57	-2.27	-1.27
	1.00	LOCUS_51105.0_TRANSCRIPT_1	ID_28156	0.00	-52.09	-1.20	-88.29	-92.61	-83.51
	1.00	LOCUS_51145.0_TRANSCRIPT_16	ID_28220	0.00	0.55	37.32	-20.20	1.09	-26.01
	1.00	LOCUS_51152.0_TRANSCRIPT_1	ID_28229	0.00	-35.87	52.53	-43.43	-72.98	-66.41
	1.00	LOCUS_51158.1_TRANSCRIPT_2	ID_28242	0.00	2.70	5.82	-1.70	0.32	-1.58
	1.00	LOCUS_51166.0_TRANSCRIPT_23	ID_28253	0.00	3.00	1.63	-9.05	-11.20	-11.27
	1.00	LOCUS_51193.0_TRANSCRIPT_2	ID_28288	0.00	-66.70	92.04	-233.49	-244.85	-247.79
	1.00	LOCUS_51262.0_TRANSCRIPT_6	ID_28378	0.00	-1.40	-0.13	-1.65	-1.67	-1.74
	1.00	LOCUS_51274.0_TRANSCRIPT_3	ID_28389	0.00	-0.13	0.88	-0.33	-0.37	-0.94
	1.00	LOCUS_51280.0_TRANSCRIPT_9	ID_28399	0.00	-0.95	-0.18	-2.56	-1.89	-2.14
	1.00	LOCUS_51305.0_TRANSCRIPT_1	ID_28422	0.00	-44.30	65.83	-32.93	-45.72	-60.27
	1.00	LOCUS_51322.0_TRANSCRIPT_1	ID_28446	0.00	6.33	46.55	-12.53	-15.28	-9.96
	1.00	LOCUS_51369.0_TRANSCRIPT_4	ID_28497	0.00	-1.11	2.09	-1.20	-1.66	-0.89
	1.00	LOCUS_51414.0_TRANSCRIPT_1	ID_28557	0.00	1.85	2.24	-35.40	-40.80	-27.75
	1.00	LOCUS_51439.0_TRANSCRIPT_1	ID_28581	0.00	-399.07	502.23	-186.82	-603.22	-590.87
	1.00	LOCUS_51455.0_TRANSCRIPT_1	ID_28598	0.00	-50.95	79.81	-80.61	-104.28	-119.83
	1.00	LOCUS_51462.0_TRANSCRIPT_1	ID_28605	0.00	2.34	48.95	-70.41	-73.43	-81.86
	1.00	LOCUS_51502.0_TRANSCRIPT_1	ID_28645	0.00	-6.75	1.37	-12.75	-22.98	-17.76
	1.00	LOCUS_5155.0_TRANSCRIPT_1	ID_28688	0.00	0.04	0.76	-0.15	-0.36	-0.08
	1.00	LOCUS_51573.0_TRANSCRIPT_1	ID_28708	0.00	2.91	1.09	-3.84	-4.96	-4.56
	1.00	LOCUS_51639.0_TRANSCRIPT_1	ID_28762	0.00	4.44	11.27	-1.74	-5.13	-4.69
	1.00	LOCUS_51655.0_TRANSCRIPT_1	ID_28772	0.00	-3.19	2.79	-4.66	-5.52	-4.75
	1.00	LOCUS_51657.0_TRANSCRIPT_1	ID_28773	0.00	3.51	5.16	-1.95	-2.70	-2.24
	1.00	LOCUS_51841.0_TRANSCRIPT_1	ID_28884	0.00	-0.59	1.63	-1.03	-0.55	-1.01
	1.00	LOCUS_51951.0_TRANSCRIPT_1	ID_28928	0.00	-0.53	0.64	-1.16	-0.83	-1.13
	1.00	LOCUS_52017.0_TRANSCRIPT_1	ID_28961	0.00	0.72	3.08	-0.47	-1.55	-1.39
	1.00	LOCUS_52085.0_TRANSCRIPT_1	ID_28995	0.00	-0.76	0.48	-0.82	-0.89	-0.87
	1.00	LOCUS_52238.0_TRANSCRIPT_1	ID_29063	0.00	-0.21	-0.00	-0.70	-1.01	-0.81
	1.00	LOCUS_52248.0_TRANSCRIPT_1	ID_29068	0.00	-0.05	0.17	-0.74	-0.87	-0.51
	1.00	LOCUS_52363.0_TRANSCRIPT_1	ID_29118	0.00	-0.63	1.32	-0.54	-0.78	-0.62
	1.00	LOCUS_52469.0_TRANSCRIPT_1	ID_29161	0.00	0.53	1.12	-0.24	-0.05	-0.23
	1.00	LOCUS_52516.0_TRANSCRIPT_1	ID_29172	0.00	-0.70	-0.07	-1.03	-1.18	-0.87
	1.00	LOCUS_52733.0_TRANSCRIPT_1	ID_29252	0.00	-0.63	0.50	-0.65	-0.62	-0.51
	1.00	LOCUS_52841.0_TRANSCRIPT_1	ID_29285	0.00	-0.38	0.67	-0.37	-0.44	-0.37
	1.00	LOCUS_52864.0_TRANSCRIPT_1	ID_29294	0.00	-0.87	0.72	-0.76	-0.97	-0.77
	1.00	LOCUS_52897.0_TRANSCRIPT_1	ID_29308	0.00	-0.25	0.80	-0.16	-0.41	-0.34
	1.00	LOCUS_53155.0_TRANSCRIPT_1	ID_29405	0.00	-0.50	0.67	-0.40	-0.67	-0.44
	1.00	LOCUS_53361.0_TRANSCRIPT_1	ID_29475	0.00	-0.46	0.65	-0.61	-0.41	-0.48
	1.00	LOCUS_53862.0_TRANSCRIPT_1	ID_29641	0.00	-1.88	0.96	-1.54	-2.98	-1.68
	1.00	LOCUS_54002.0_TRANSCRIPT_1	ID_29681	0.00	-0.16	0.87	-0.34	-0.17	-0.12
	1.00	LOCUS_55250.0_TRANSCRIPT_1	ID_30063	0.00	-0.74	0.10	-1.00	-1.20	-1.09
	1.00	LOCUS_55345.0_TRANSCRIPT_1	ID_30097	0.00	-0.55	0.82	-0.52	-0.56	-0.74
	1.00	LOCUS_55482.0_TRANSCRIPT_1	ID_30138	0.00	-0.20	0.60	-0.16	-0.30	-0.42
	1.00	LOCUS_613.0_TRANSCRIPT_1	ID_31666	0.00	-0.36	1.15	-0.52	-0.41	-0.35
	1.00	LOCUS_6159.0_TRANSCRIPT_1	ID_31732	0.00	-0.37	0.54	-0.37	-0.69	-0.60
	1.00	LOCUS_63351.0_TRANSCRIPT_1	ID_32136	0.00	0.04	0.06	-1.01	-1.10	-0.76
	1.00	LOCUS_9744.0_TRANSCRIPT_1	ID_33123	0.00	-6.93	-0.41	-7.48	-9.79	-8.64
	1.00	LOCUS_9767.0_TRANSCRIPT_1	ID_33134	0.00	-0.66	0.18	-0.94	-0.87	-0.69
	1.00	LOCUS_9899.0_TRANSCRIPT_1	ID_33198	0.00	-0.87	0.55	-1.01	-1.40	-0.76
	1.00	LOCUS_9924.0_TRANSCRIPT_1	ID_33213	0.00	-0.63	1.61	-0.68	-1.11	-0.94
	1.00	LOCUS_9961.0_TRANSCRIPT_1	ID_33224	0.00	-0.28	0.47	-0.60	-0.73	-0.44
	1.00	LOCUS_9979.0_TRANSCRIPT_1	ID_33231	0.00	1.81	3.89	-0.31	-0.49	-0.53
	1.00	LOCUS_9998.0_TRANSCRIPT_1	ID_33243	0.00	-0.64	0.32	-1.11	-0.79	-1.04
	1.00	LOCUS_32852.0_TRANSCRIPT_1	ID_34163	0.00	1.22	2.34	0.16	-0.08	-0.08
	1.00	LOCUS_40572.0_TRANSCRIPT_1	ID_34650	0.00	0.24	0.98	0.04	0.05	-0.09
	1.00	LOCUS_46278.0_TRANSCRIPT_2	ID_35115	0.00	-0.10	0.89	-0.44	-0.31	-0.51
	1.00	LOCUS_46727.0_TRANSCRIPT_2	ID_35156	0.00	-0.37	2.61	-0.52	-0.60	-0.89
	1.00	LOCUS_46856.0_TRANSCRIPT_18	ID_35168	0.00	0.01	0.76	-0.37	-0.27	-0.49
	1.00	LOCUS_47822.0_TRANSCRIPT_2	ID_35287	0.00	-2.76	-0.79	-4.01	-4.07	-4.27
	1.00	LOCUS_51219.0_TRANSCRIPT_5	ID_35703	0.00	0.07	0.46	-0.35	-0.35	-0.62
	1.00	LOCUS_54265.0_TRANSCRIPT_1	ID_35882	0.00	-0.46	-0.05	-1.27	-1.05	-1.24
