Gene Table for Profile 7 (0.0,-2.0,0.0,-1.0,0.0,1.0)
Num. Genes Expected	Num. Genes Assigned	P-Value	Significant
253.0	186.2	1.8E-6	 (significant)
-------
Selected	Weight	transcript	SPOT	avg_norm_count_0d	avg_norm_count_1d	avg_norm_count_3d	avg_norm_count_5d	avg_norm_count_7d	avg_norm_count_9d
	1.00	LOCUS_10072.0_TRANSCRIPT_1	ID_32	0.00	-1.35	-0.44	-0.67	0.07	0.32
	1.00	LOCUS_10203.0_TRANSCRIPT_1	ID_87	0.00	-39.58	-24.89	-43.32	-7.24	41.73
	1.00	LOCUS_10387.0_TRANSCRIPT_1	ID_172	0.00	-11.63	2.91	-7.00	-5.92	5.59
	1.00	LOCUS_10391.0_TRANSCRIPT_1	ID_175	0.00	-0.35	-0.10	-0.20	0.10	0.72
	1.00	LOCUS_10542.0_TRANSCRIPT_1	ID_252	0.00	-3.71	3.57	1.06	3.90	7.49
	1.00	LOCUS_11014.0_TRANSCRIPT_1	ID_469	0.00	-2.12	1.06	0.21	1.01	2.93
	1.00	LOCUS_11111.0_TRANSCRIPT_1	ID_513	0.00	-227.59	-120.67	-70.61	-62.12	110.51
	1.00	LOCUS_11140.0_TRANSCRIPT_1	ID_530	0.00	-544.88	-103.13	-21.95	-189.08	276.38
	1.00	LOCUS_11238.0_TRANSCRIPT_1	ID_574	0.00	-153.96	-25.79	41.32	12.63	272.86
	1.00	LOCUS_11318.0_TRANSCRIPT_1	ID_609	0.00	-0.51	0.06	-0.16	0.51	0.45
	1.00	LOCUS_11703.0_TRANSCRIPT_1	ID_775	0.00	-7.85	-0.82	-1.52	-3.05	1.72
	1.00	LOCUS_12538.0_TRANSCRIPT_1	ID_1162	0.00	-234.46	-175.20	-117.46	-35.20	133.60
	1.00	LOCUS_12539.0_TRANSCRIPT_1	ID_1163	0.00	-523.33	-5.57	-15.15	-30.11	204.06
	1.00	LOCUS_12547.0_TRANSCRIPT_1	ID_1166	0.00	-388.17	2.46	-54.13	13.55	152.86
	1.00	LOCUS_12595.0_TRANSCRIPT_1	ID_1199	0.00	-189.56	-40.70	-59.17	73.72	175.69
	1.00	LOCUS_12661.0_TRANSCRIPT_1	ID_1243	0.00	-7.84	3.49	-0.32	2.08	16.51
	1.00	LOCUS_13094.0_TRANSCRIPT_1	ID_1495	0.00	-36.32	-3.92	-5.68	1.47	3.10
	1.00	LOCUS_13450.0_TRANSCRIPT_1	ID_1616	0.00	-1.04	0.20	-0.29	-0.24	0.96
	1.00	LOCUS_14006.0_TRANSCRIPT_1	ID_1746	0.00	-0.60	-0.43	-0.47	0.09	0.84
	1.00	LOCUS_14011.0_TRANSCRIPT_1	ID_1749	0.00	-1.18	-0.77	-0.63	-0.10	0.43
	1.00	LOCUS_18342.0_TRANSCRIPT_1	ID_2818	0.00	-0.30	-0.38	-0.36	0.28	0.88
	1.00	LOCUS_18370.0_TRANSCRIPT_1	ID_2826	0.00	-6.15	0.58	1.87	5.74	5.03
	1.00	LOCUS_18716.0_TRANSCRIPT_1	ID_2929	0.00	-0.97	-0.08	0.12	0.31	1.35
	1.00	LOCUS_20782.0_TRANSCRIPT_1	ID_3486	0.00	-2.22	-0.99	-1.25	-0.04	-0.45
	1.00	LOCUS_21244.0_TRANSCRIPT_1	ID_3641	0.00	-784.98	-18.76	-581.06	150.63	519.52
	1.00	LOCUS_21305.0_TRANSCRIPT_1	ID_3660	0.00	-277.60	-94.40	-31.22	-59.14	151.94
	1.00	LOCUS_21839.0_TRANSCRIPT_1	ID_3872	0.00	-0.47	0.84	0.06	0.35	0.75
	1.00	LOCUS_22041.0_TRANSCRIPT_2	ID_3964	0.00	-4.41	-1.64	-2.41	-1.73	3.52
	1.00	LOCUS_22116.0_TRANSCRIPT_1	ID_3989	0.00	-356.38	-140.51	-84.14	25.02	252.12
	1.00	LOCUS_22215.0_TRANSCRIPT_1	ID_4031	0.00	-2.48	0.51	-0.83	-0.66	1.35
	1.00	LOCUS_22252.0_TRANSCRIPT_1	ID_4048	0.00	-264.16	-141.70	-139.99	-9.76	64.83
	1.00	LOCUS_22313.0_TRANSCRIPT_1	ID_4068	0.00	-0.51	0.35	-0.29	0.62	0.61
	1.00	LOCUS_22349.0_TRANSCRIPT_1	ID_4082	0.00	-0.60	0.07	-0.07	0.57	1.02
	1.00	LOCUS_22483.0_TRANSCRIPT_1	ID_4130	0.00	-47.18	-29.17	-22.05	3.60	17.60
	1.00	LOCUS_22624.0_TRANSCRIPT_1	ID_4196	0.00	-6.79	4.35	1.64	9.91	9.77
	1.00	LOCUS_23109.0_TRANSCRIPT_1	ID_4387	0.00	-6.49	-1.18	-3.63	9.87	18.42
	1.00	LOCUS_23368.0_TRANSCRIPT_1	ID_4484	0.00	-0.49	-0.34	-0.32	0.62	1.54
	1.00	LOCUS_23473.0_TRANSCRIPT_1	ID_4525	0.00	-6.02	-1.47	0.98	4.09	18.21
	1.00	LOCUS_23795.0_TRANSCRIPT_1	ID_4641	0.00	-39.74	-14.76	-1.16	-3.77	12.15
	1.00	LOCUS_23859.0_TRANSCRIPT_1	ID_4665	0.00	-0.91	-0.51	-0.78	0.79	1.00
	1.00	LOCUS_24389.0_TRANSCRIPT_1	ID_4834	0.00	-0.62	1.07	-0.18	0.13	0.84
	1.00	LOCUS_24485.0_TRANSCRIPT_1	ID_4862	0.00	-1.32	-0.70	-0.81	0.08	-0.02
	1.00	LOCUS_25033.0_TRANSCRIPT_1	ID_5043	0.00	-1.07	-0.31	-0.47	0.53	0.20
	1.00	LOCUS_25062.0_TRANSCRIPT_1	ID_5049	0.00	-0.92	3.39	0.34	1.87	2.49
	1.00	LOCUS_25419.0_TRANSCRIPT_1	ID_5186	0.00	-300.88	-213.63	-511.25	-47.99	618.06
	1.00	LOCUS_26457.0_TRANSCRIPT_1	ID_5555	0.00	-0.71	0.68	-0.11	1.12	0.89
	1.00	LOCUS_27081.0_TRANSCRIPT_1	ID_5819	0.00	-1.11	0.67	-0.90	-0.22	1.56
	1.00	LOCUS_27720.0_TRANSCRIPT_1	ID_6161	0.00	-6.24	-1.21	0.54	2.11	4.13
	1.00	LOCUS_27895.0_TRANSCRIPT_1	ID_6244	0.00	-585.77	-364.08	-219.64	-92.96	148.28
	1.00	LOCUS_27990.0_TRANSCRIPT_1	ID_6288	0.00	-288.79	-149.97	-27.41	60.70	296.91
	1.00	LOCUS_28090.0_TRANSCRIPT_1	ID_6328	0.00	-119.62	-18.27	-16.67	1.54	2.87
	1.00	LOCUS_28144.0_TRANSCRIPT_1	ID_6354	0.00	-5.60	-1.65	-0.15	-0.79	4.18
	1.00	LOCUS_28254.0_TRANSCRIPT_1	ID_6403	0.00	-0.44	1.00	-0.18	0.52	0.93
	1.00	LOCUS_28747.0_TRANSCRIPT_1	ID_6626	0.00	-39.83	35.62	30.62	34.71	90.00
	1.00	LOCUS_29126.0_TRANSCRIPT_1	ID_6794	0.00	-1.85	1.44	-1.52	1.14	2.12
	1.00	LOCUS_29482.0_TRANSCRIPT_2	ID_6963	0.00	-1.21	-0.19	-0.71	-0.60	0.91
	1.00	LOCUS_29685.0_TRANSCRIPT_1	ID_7059	0.00	-2.03	0.30	-1.46	-1.46	1.00
	1.00	LOCUS_29984.0_TRANSCRIPT_1	ID_7196	0.00	-20.12	-4.24	-0.87	-5.34	30.20
	1.00	LOCUS_30056.0_TRANSCRIPT_1	ID_7234	0.00	-0.12	0.86	0.17	0.64	0.93
	1.00	LOCUS_30603.1_TRANSCRIPT_1	ID_7539	0.00	-1.19	0.04	0.36	0.69	1.92
	1.00	LOCUS_30605.0_TRANSCRIPT_2	ID_7542	0.00	-4.23	3.94	0.72	6.08	5.61
	1.00	LOCUS_30800.0_TRANSCRIPT_1	ID_7646	0.00	-9.11	0.82	-3.38	7.56	7.88
	1.00	LOCUS_30928.0_TRANSCRIPT_1	ID_7727	0.00	-0.30	0.03	-0.10	0.59	1.28
	1.00	LOCUS_31260.1_TRANSCRIPT_1	ID_7930	0.00	-0.77	-0.73	-0.78	-0.12	1.21
	1.00	LOCUS_31349.0_TRANSCRIPT_1	ID_7971	0.00	-1.11	-0.06	0.07	0.31	0.98
	1.00	LOCUS_31432.0_TRANSCRIPT_1	ID_8026	0.00	-0.80	0.33	-0.27	-0.42	0.25
	1.00	LOCUS_31482.0_TRANSCRIPT_1	ID_8062	0.00	-2.68	2.90	-0.99	0.27	2.50
	1.00	LOCUS_31640.0_TRANSCRIPT_1	ID_8172	0.00	-17.31	-4.44	-1.56	-0.45	4.91
	1.00	LOCUS_31846.0_TRANSCRIPT_1	ID_8290	0.00	-3.76	2.99	-1.74	-1.79	2.16
	1.00	LOCUS_32009.0_TRANSCRIPT_1	ID_8382	0.00	-0.70	0.08	-0.14	-0.08	0.79
	1.00	LOCUS_32041.0_TRANSCRIPT_1	ID_8405	0.00	-7.05	-3.38	-3.48	-1.71	0.18
	1.00	LOCUS_32249.0_TRANSCRIPT_1	ID_8504	0.00	-2.12	1.15	-1.23	0.99	0.81
	1.00	LOCUS_33180.0_TRANSCRIPT_1	ID_9037	0.00	-16.12	-4.95	-2.38	-5.36	11.07
	1.00	LOCUS_33181.0_TRANSCRIPT_1	ID_9038	0.00	-9.95	-5.26	-4.14	-3.48	4.41
	1.00	LOCUS_33267.0_TRANSCRIPT_1	ID_9102	0.00	-19.88	-1.88	-1.09	17.83	20.88
	1.00	LOCUS_33462.0_TRANSCRIPT_1	ID_9236	0.00	-19.52	1.26	-2.12	-3.76	12.98
	1.00	LOCUS_33704.0_TRANSCRIPT_1	ID_9395	0.00	-15.90	-0.79	-0.93	16.44	15.17
	1.00	LOCUS_34337.1_TRANSCRIPT_1	ID_9801	0.00	-1.24	-0.59	-0.43	-0.27	0.44
	1.00	LOCUS_34353.0_TRANSCRIPT_1	ID_9813	0.00	-1.94	-0.11	-0.82	-0.37	0.15
	1.00	LOCUS_34400.0_TRANSCRIPT_1	ID_9844	0.00	-2.26	-0.46	-1.60	-0.00	0.68
	1.00	LOCUS_34600.0_TRANSCRIPT_1	ID_9984	0.00	-6.99	0.02	-1.98	-2.26	1.43
	1.00	LOCUS_34739.0_TRANSCRIPT_1	ID_10086	0.00	-7.90	-3.69	-5.18	-2.11	-2.35
	1.00	LOCUS_34926.0_TRANSCRIPT_1	ID_10204	0.00	-1.69	-0.28	-0.46	-0.65	1.57
	1.00	LOCUS_34939.0_TRANSCRIPT_1	ID_10211	0.00	-25.94	-14.01	0.03	6.02	22.76
	1.00	LOCUS_35196.0_TRANSCRIPT_1	ID_10393	0.00	-5.91	-0.25	-3.09	-1.00	1.00
	1.00	LOCUS_35336.0_TRANSCRIPT_1	ID_10486	0.00	-12.68	5.03	-3.37	1.30	3.23
	1.00	LOCUS_35507.0_TRANSCRIPT_1	ID_10619	0.00	-4.26	3.50	3.01	3.55	11.47
	1.00	LOCUS_35615.0_TRANSCRIPT_1	ID_10701	0.00	-0.82	-0.26	-0.07	0.42	0.53
	1.00	LOCUS_35680.0_TRANSCRIPT_1	ID_10763	0.00	-0.65	0.03	0.02	-0.08	1.06
	1.00	LOCUS_35731.0_TRANSCRIPT_2	ID_10804	0.00	-0.72	-0.36	-0.20	0.22	0.88
	1.00	LOCUS_35732.0_TRANSCRIPT_1	ID_10805	0.00	-0.54	0.11	-0.21	0.07	0.94
	1.00	LOCUS_35828.0_TRANSCRIPT_1	ID_10884	0.00	-0.74	1.72	0.11	0.70	1.32
	1.00	LOCUS_35908.0_TRANSCRIPT_3	ID_10952	0.00	-9.29	-4.19	-3.74	-1.49	6.64
	1.00	LOCUS_35954.0_TRANSCRIPT_1	ID_10997	0.00	-313.56	-76.34	-13.26	-80.90	125.57
	1.00	LOCUS_36060.0_TRANSCRIPT_1	ID_11085	0.00	-378.82	-126.02	-13.57	-89.02	99.16
	1.00	LOCUS_36110.0_TRANSCRIPT_1	ID_11128	0.00	-68.81	-28.37	-40.17	-24.80	34.43
	1.00	LOCUS_36115.0_TRANSCRIPT_1	ID_11132	0.00	-0.38	0.81	0.04	0.61	0.79
	1.00	LOCUS_36163.1_TRANSCRIPT_1	ID_11174	0.00	-0.73	0.18	-0.12	0.24	0.36
	1.00	LOCUS_36324.0_TRANSCRIPT_1	ID_11298	0.00	-3.11	-0.70	-1.22	-0.86	-0.30
	1.00	LOCUS_36359.0_TRANSCRIPT_1	ID_11333	0.00	-45.84	1.33	-0.64	13.61	9.86
	1.00	LOCUS_36429.0_TRANSCRIPT_1	ID_11386	0.00	-26.19	-13.34	-9.70	-3.54	8.58
	1.00	LOCUS_36562.1_TRANSCRIPT_1	ID_11483	0.00	-24.56	-6.75	2.11	-1.37	6.37
	1.00	LOCUS_36779.0_TRANSCRIPT_1	ID_11650	0.00	-2.56	0.56	1.07	0.24	4.53
	1.00	LOCUS_36870.0_TRANSCRIPT_1	ID_11723	0.00	-0.85	0.42	-0.25	0.38	0.89
	1.00	LOCUS_36873.0_TRANSCRIPT_1	ID_11726	0.00	-308.47	-73.91	-62.52	-11.51	208.77
	1.00	LOCUS_37247.0_TRANSCRIPT_1	ID_12015	0.00	-3.75	-2.90	-1.95	1.74	8.63
	1.00	LOCUS_37254.0_TRANSCRIPT_1	ID_12022	0.00	-3.37	-2.06	-2.00	-0.14	0.69
	1.00	LOCUS_37274.1_TRANSCRIPT_1	ID_12041	0.00	-2.89	-1.16	-1.37	-0.38	-0.17
	1.00	LOCUS_37358.0_TRANSCRIPT_1	ID_12109	0.00	-1.67	-0.44	-0.48	-0.85	1.71
	1.00	LOCUS_37970.0_TRANSCRIPT_2	ID_12597	0.00	-0.98	0.44	0.16	0.08	0.87
	1.00	LOCUS_38049.0_TRANSCRIPT_2	ID_12669	0.00	-4.09	0.87	0.78	0.05	3.61
	1.00	LOCUS_38103.0_TRANSCRIPT_1	ID_12715	0.00	-58.58	-29.67	-37.34	-14.27	-3.52
	1.00	LOCUS_38127.0_TRANSCRIPT_2	ID_12734	0.00	-0.52	-0.11	-0.32	-0.08	0.58
	1.00	LOCUS_38399.0_TRANSCRIPT_1	ID_12984	0.00	-1.03	1.50	0.54	1.86	1.80
	1.00	LOCUS_38946.0_TRANSCRIPT_1	ID_13452	0.00	-7.40	2.87	0.84	1.62	3.45
	1.00	LOCUS_38960.0_TRANSCRIPT_1	ID_13464	0.00	-17.68	8.31	2.81	7.96	19.90
	1.00	LOCUS_39012.0_TRANSCRIPT_1	ID_13505	0.00	-3.63	-2.43	-1.81	-1.16	2.87
	1.00	LOCUS_39180.0_TRANSCRIPT_1	ID_13658	0.00	-4.49	-1.74	-1.96	-0.57	-0.90
	1.00	LOCUS_39230.0_TRANSCRIPT_1	ID_13705	0.00	-2.92	3.78	1.21	3.22	3.77
	1.00	LOCUS_39463.0_TRANSCRIPT_1	ID_13922	0.00	-5.39	2.89	-0.56	-0.05	3.09
	1.00	LOCUS_39473.0_TRANSCRIPT_1	ID_13932	0.00	-1.15	0.15	0.36	-0.07	1.55
	1.00	LOCUS_39489.0_TRANSCRIPT_1	ID_13942	0.00	-9.75	-7.08	-9.45	-4.19	6.49
	1.00	LOCUS_39574.0_TRANSCRIPT_1	ID_14024	0.00	-1.84	0.18	-0.19	-0.17	0.23
	1.00	LOCUS_39613.0_TRANSCRIPT_1	ID_14063	0.00	-20.51	-7.93	-10.41	-6.79	-0.74
	1.00	LOCUS_39704.0_TRANSCRIPT_3	ID_14147	0.00	-0.78	0.06	-0.61	0.27	0.35
	1.00	LOCUS_39761.0_TRANSCRIPT_2	ID_14193	0.00	-5.37	-4.53	-4.39	-0.60	3.47
	1.00	LOCUS_39831.0_TRANSCRIPT_1	ID_14255	0.00	-47.15	-13.12	-25.53	-17.63	-5.53
	1.00	LOCUS_39838.0_TRANSCRIPT_1	ID_14263	0.00	-0.73	-0.28	-0.09	-0.10	0.56
	1.00	LOCUS_39975.0_TRANSCRIPT_1	ID_14381	0.00	-1.86	-0.87	-0.49	1.13	2.98
	1.00	LOCUS_40025.0_TRANSCRIPT_1	ID_14419	0.00	-4.13	1.93	2.57	2.63	7.58
	1.00	LOCUS_40191.0_TRANSCRIPT_1	ID_14577	0.00	-3.61	-1.85	-3.98	-0.25	5.84
	1.00	LOCUS_40258.0_TRANSCRIPT_1	ID_14631	0.00	-2.03	-0.67	-1.43	-1.16	1.31
	1.00	LOCUS_40288.0_TRANSCRIPT_1	ID_14659	0.00	-1.81	-0.44	0.21	-0.47	2.56
	1.00	LOCUS_40297.0_TRANSCRIPT_1	ID_14671	0.00	-44.71	-28.13	-19.93	-17.10	28.65
	1.00	LOCUS_40395.0_TRANSCRIPT_1	ID_14767	0.00	-12.57	9.86	7.47	11.09	26.12
	1.00	LOCUS_40660.0_TRANSCRIPT_1	ID_15035	0.00	-2.05	-0.68	-0.04	-0.45	0.04
	1.00	LOCUS_40732.0_TRANSCRIPT_1	ID_15115	0.00	-1.68	-1.22	-0.63	0.48	1.90
	1.00	LOCUS_40906.0_TRANSCRIPT_3	ID_15282	0.00	-1.33	-0.61	-0.04	-0.30	0.33
	1.00	LOCUS_41028.0_TRANSCRIPT_1	ID_15402	0.00	-0.74	-0.27	-0.26	-0.37	0.73
	1.00	LOCUS_41114.0_TRANSCRIPT_1	ID_15465	0.00	-348.09	56.20	126.22	269.47	298.32
	1.00	LOCUS_41118.0_TRANSCRIPT_1	ID_15469	0.00	-0.74	-0.01	-0.29	-0.42	0.56
	1.00	LOCUS_41278.0_TRANSCRIPT_3	ID_15616	0.00	-0.30	0.80	0.17	0.63	0.59
	1.00	LOCUS_41286.0_TRANSCRIPT_1	ID_15624	0.00	-75.76	40.48	23.65	29.91	84.19
	1.00	LOCUS_41301.0_TRANSCRIPT_1	ID_15640	0.00	-7.54	5.78	1.16	4.65	8.25
	1.00	LOCUS_41355.0_TRANSCRIPT_1	ID_15690	0.00	-3.64	-1.84	-2.29	-0.35	1.36
	1.00	LOCUS_41423.0_TRANSCRIPT_1	ID_15753	0.00	-3.57	-1.15	-1.95	-0.96	0.62
	1.00	LOCUS_41619.1_TRANSCRIPT_2	ID_15948	0.00	-2.89	-1.70	-2.18	-1.29	2.38
	1.00	LOCUS_41774.0_TRANSCRIPT_1	ID_16106	0.00	-0.67	-0.12	-0.17	0.07	0.97
	1.00	LOCUS_42067.0_TRANSCRIPT_1	ID_16413	0.00	-0.53	0.25	0.24	0.60	0.98
	1.00	LOCUS_42100.0_TRANSCRIPT_3	ID_16451	0.00	-0.93	-0.60	-0.32	-0.18	0.25
	1.00	LOCUS_42183.1_TRANSCRIPT_1	ID_16532	0.00	-20.44	-3.46	1.85	1.87	3.12
	1.00	LOCUS_42214.0_TRANSCRIPT_1	ID_16577	0.00	-7.40	0.47	0.78	-1.79	7.01
	1.00	LOCUS_42274.0_TRANSCRIPT_1	ID_16650	0.00	-10.43	2.54	-1.92	-1.37	4.21
	1.00	LOCUS_42452.0_TRANSCRIPT_3	ID_16834	0.00	-1.06	-0.55	-0.42	-0.28	0.14
	1.00	LOCUS_42481.0_TRANSCRIPT_1	ID_16864	0.00	-2.54	-1.56	-1.63	0.65	0.67
	1.00	LOCUS_42481.2_TRANSCRIPT_1	ID_16867	0.00	-6.22	-0.98	-3.84	0.43	3.50
	1.00	LOCUS_42694.0_TRANSCRIPT_1	ID_17101	0.00	-1.34	0.66	-0.74	-0.75	1.04
	1.00	LOCUS_42867.0_TRANSCRIPT_1	ID_17305	0.00	-0.39	-0.11	-0.32	-0.01	0.87
	1.00	LOCUS_42945.0_TRANSCRIPT_1	ID_17378	0.00	-6.05	-3.80	-1.47	-1.30	5.64
	1.00	LOCUS_42961.2_TRANSCRIPT_1	ID_17399	0.00	-430.32	-162.80	-57.00	-43.71	43.02
	1.00	LOCUS_43323.1_TRANSCRIPT_1	ID_17798	0.00	-190.01	92.16	62.52	147.10	255.39
	1.00	LOCUS_43878.0_TRANSCRIPT_1	ID_18426	0.00	-6.49	-4.83	-4.46	-2.91	5.98
	1.00	LOCUS_43959.0_TRANSCRIPT_1	ID_18520	0.00	-15.23	-5.54	-15.37	-9.42	12.11
	1.00	LOCUS_43992.0_TRANSCRIPT_2	ID_18542	0.00	-10.34	-6.91	-8.29	-5.83	9.16
	1.00	LOCUS_44201.0_TRANSCRIPT_1	ID_18798	0.00	-2.78	1.61	0.39	3.36	1.90
	1.00	LOCUS_44389.0_TRANSCRIPT_2	ID_19018	0.00	-8.38	-2.76	-2.53	-0.41	1.07
	1.00	LOCUS_44441.0_TRANSCRIPT_1	ID_19093	0.00	-11.06	-3.61	-3.65	0.39	2.39
	1.00	LOCUS_44441.2_TRANSCRIPT_1	ID_19095	0.00	-92.00	-55.65	-38.18	15.91	97.47
	1.00	LOCUS_44595.0_TRANSCRIPT_4	ID_19288	0.00	-1.18	-1.19	-1.33	0.53	3.30
	1.00	LOCUS_44615.0_TRANSCRIPT_1	ID_19316	0.00	-6.61	-1.66	-3.06	-1.11	4.58
	1.00	LOCUS_44652.0_TRANSCRIPT_1	ID_19356	0.00	-1.78	-0.21	-0.22	0.90	2.87
	1.00	LOCUS_44793.2_TRANSCRIPT_1	ID_19532	0.00	-3.03	0.18	0.09	0.64	4.38
	1.00	LOCUS_44796.0_TRANSCRIPT_3	ID_19539	0.00	-6.01	1.75	-1.71	3.70	1.42
	1.00	LOCUS_44877.0_TRANSCRIPT_2	ID_19624	0.00	-0.89	-0.49	-0.32	-0.00	0.33
	1.00	LOCUS_44947.0_TRANSCRIPT_1	ID_19705	0.00	-6.88	9.31	1.56	4.14	9.04
	1.00	LOCUS_45052.0_TRANSCRIPT_1	ID_19815	0.00	-2.22	0.16	-0.48	2.36	4.15
	1.00	LOCUS_45093.0_TRANSCRIPT_2	ID_19879	0.00	-4.91	-0.80	-1.25	-1.88	2.62
	1.00	LOCUS_45122.0_TRANSCRIPT_1	ID_19911	0.00	-3.36	-0.68	-1.01	-0.74	-0.39
	1.00	LOCUS_45286.0_TRANSCRIPT_1	ID_20118	0.00	-9.78	1.73	0.59	1.88	2.43
	1.00	LOCUS_45352.0_TRANSCRIPT_1	ID_20198	0.00	-1.63	-1.20	-0.71	0.12	1.31
	1.00	LOCUS_45631.1_TRANSCRIPT_7	ID_20561	0.00	-0.90	-0.40	0.08	-0.19	0.36
	1.00	LOCUS_45685.0_TRANSCRIPT_2	ID_20615	0.00	-1.03	1.81	0.24	1.33	1.77
	1.00	LOCUS_45899.0_TRANSCRIPT_1	ID_20907	0.00	-586.52	-303.35	-195.62	-222.58	343.33
	1.00	LOCUS_46352.0_TRANSCRIPT_1	ID_21499	0.00	-6.80	0.45	2.34	1.66	9.50
	1.00	LOCUS_46375.1_TRANSCRIPT_1	ID_21521	0.00	-1.75	1.03	-0.94	3.26	3.33
	1.00	LOCUS_46377.0_TRANSCRIPT_1	ID_21523	0.00	-3.90	0.64	-0.12	-1.60	4.13
	1.00	LOCUS_46435.1_TRANSCRIPT_3	ID_21626	0.00	-1.60	0.02	-0.35	-0.20	2.78
	1.00	LOCUS_46552.0_TRANSCRIPT_1	ID_21773	0.00	-97.02	36.37	48.55	91.60	132.10
	1.00	LOCUS_46600.0_TRANSCRIPT_1	ID_21838	0.00	-17.70	23.15	4.21	14.05	18.90
	1.00	LOCUS_46626.0_TRANSCRIPT_1	ID_21872	0.00	-14.91	-2.42	-0.77	-0.03	19.79
	1.00	LOCUS_46774.0_TRANSCRIPT_1	ID_22082	0.00	-23.00	-6.89	-15.11	2.43	-4.49
	1.00	LOCUS_46801.0_TRANSCRIPT_5	ID_22115	0.00	-4.23	5.42	1.51	6.40	6.82
	1.00	LOCUS_47230.1_TRANSCRIPT_1	ID_22715	0.00	-15.90	3.25	-7.15	-8.41	14.82
	1.00	LOCUS_47251.1_TRANSCRIPT_1	ID_22748	0.00	-40.71	-0.84	-9.12	-12.63	46.68
	1.00	LOCUS_47268.0_TRANSCRIPT_3	ID_22772	0.00	-15.86	-11.07	-7.53	-3.89	1.67
	1.00	LOCUS_47376.0_TRANSCRIPT_1	ID_22901	0.00	-14.06	10.92	6.87	13.68	24.01
	1.00	LOCUS_47443.0_TRANSCRIPT_1	ID_22997	0.00	-4.59	-0.91	-1.10	0.06	0.00
	1.00	LOCUS_47548.0_TRANSCRIPT_1	ID_23160	0.00	-4.57	8.07	3.01	9.24	11.79
	1.00	LOCUS_47591.0_TRANSCRIPT_3	ID_23233	0.00	-6.22	-3.21	-1.84	-0.80	3.23
	1.00	LOCUS_47924.0_TRANSCRIPT_1	ID_23661	0.00	-2.17	-1.16	-2.48	-1.49	0.75
	1.00	LOCUS_47996.0_TRANSCRIPT_1	ID_23763	0.00	-5.79	-2.42	-1.42	-2.21	1.97
	1.00	LOCUS_48048.0_TRANSCRIPT_2	ID_23844	0.00	-0.85	0.61	-0.09	0.87	0.70
	1.00	LOCUS_48156.0_TRANSCRIPT_1	ID_23970	0.00	-34.91	-6.01	-18.81	-13.47	-2.20
	1.00	LOCUS_48388.1_TRANSCRIPT_1	ID_24298	0.00	-5.45	-3.75	-3.09	-1.42	0.06
	1.00	LOCUS_48460.0_TRANSCRIPT_1	ID_24407	0.00	-18.09	0.69	1.29	4.24	3.41
	1.00	LOCUS_48562.0_TRANSCRIPT_2	ID_24542	0.00	-4.44	1.25	-0.11	1.67	1.97
	1.00	LOCUS_48570.0_TRANSCRIPT_1	ID_24554	0.00	-5.15	8.71	-0.19	3.83	5.19
	1.00	LOCUS_48624.2_TRANSCRIPT_2	ID_24633	0.00	-11.51	44.82	6.83	27.16	36.18
	1.00	LOCUS_48625.2_TRANSCRIPT_2	ID_24636	0.00	-0.69	0.90	-0.14	0.23	0.81
	1.00	LOCUS_48791.0_TRANSCRIPT_10	ID_24876	0.00	-1.90	0.33	-0.69	1.96	1.58
	1.00	LOCUS_49038.1_TRANSCRIPT_1	ID_25200	0.00	-12.57	-1.69	-2.24	3.62	2.27
	1.00	LOCUS_49113.0_TRANSCRIPT_2	ID_25300	0.00	-18.71	-8.54	-11.55	-6.90	19.69
	1.00	LOCUS_49184.0_TRANSCRIPT_4	ID_25401	0.00	-0.51	0.62	-0.13	-0.02	0.53
	1.00	LOCUS_49202.2_TRANSCRIPT_6	ID_25430	0.00	-0.66	0.06	-0.82	0.09	0.37
	1.00	LOCUS_49287.0_TRANSCRIPT_1	ID_25564	0.00	-25.64	5.04	-20.01	-13.72	3.23
	1.00	LOCUS_49302.1_TRANSCRIPT_6	ID_25596	0.00	-1.12	-0.09	-0.37	-0.42	-0.01
	1.00	LOCUS_49468.1_TRANSCRIPT_3	ID_25844	0.00	-7.66	-1.93	-1.00	-0.63	0.00
	1.00	LOCUS_49533.0_TRANSCRIPT_1	ID_25932	0.00	-7.67	-4.52	-4.44	-2.95	-1.59
	1.00	LOCUS_49556.0_TRANSCRIPT_1	ID_25960	0.00	-8.56	2.87	0.00	1.47	3.92
	1.00	LOCUS_49599.1_TRANSCRIPT_1	ID_26019	0.00	-1.21	0.60	-0.98	2.26	2.25
	1.00	LOCUS_49618.0_TRANSCRIPT_1	ID_26041	0.00	-10.80	-6.55	-10.19	1.39	0.15
	1.00	LOCUS_49728.0_TRANSCRIPT_1	ID_26173	0.00	-14.88	-8.74	-7.80	-6.52	0.90
	1.00	LOCUS_49867.0_TRANSCRIPT_15	ID_26367	0.00	-0.41	-0.30	-0.39	-0.02	0.86
	1.00	LOCUS_49867.1_TRANSCRIPT_1	ID_26368	0.00	-0.94	-1.13	-1.12	0.96	3.82
	1.00	LOCUS_49958.0_TRANSCRIPT_1	ID_26509	0.00	-16.80	-12.85	-22.01	12.46	40.06
	1.00	LOCUS_50145.0_TRANSCRIPT_2	ID_26773	0.00	-0.38	-0.13	-0.50	0.82	2.16
	1.00	LOCUS_50191.0_TRANSCRIPT_2	ID_26848	0.00	-10.92	-4.72	-4.04	-2.04	6.19
	1.00	LOCUS_50215.0_TRANSCRIPT_3	ID_26877	0.00	-3.22	0.28	-2.48	-1.52	1.34
	1.00	LOCUS_50298.1_TRANSCRIPT_2	ID_27015	0.00	-5.87	-1.00	-3.09	0.24	3.41
	1.00	LOCUS_50477.0_TRANSCRIPT_7	ID_27298	0.00	-1.59	1.81	-0.42	0.31	2.83
	1.00	LOCUS_50671.0_TRANSCRIPT_2	ID_27578	0.00	-1.53	0.76	-0.10	-0.26	1.22
	1.00	LOCUS_50748.1_TRANSCRIPT_1	ID_27664	0.00	-18.08	-7.18	-1.03	8.25	18.65
	1.00	LOCUS_50770.0_TRANSCRIPT_1	ID_27688	0.00	-30.51	-18.48	-21.32	-15.02	-6.76
	1.00	LOCUS_50850.0_TRANSCRIPT_2	ID_27815	0.00	-18.66	-2.04	1.90	3.70	25.26
	1.00	LOCUS_50880.1_TRANSCRIPT_1	ID_27864	0.00	-11.50	-8.32	-4.19	3.07	11.22
	1.00	LOCUS_50922.1_TRANSCRIPT_1	ID_27920	0.00	-1.50	-1.16	-1.19	-0.71	0.45
	1.00	LOCUS_50940.1_TRANSCRIPT_1	ID_27948	0.00	-301.13	-210.18	-165.23	-103.41	-32.92
	1.00	LOCUS_50992.1_TRANSCRIPT_2	ID_28007	0.00	-3.37	0.46	-1.94	-1.24	3.11
	1.00	LOCUS_51443.0_TRANSCRIPT_1	ID_28585	0.00	-421.64	-280.57	-183.30	-109.10	130.77
	1.00	LOCUS_51447.0_TRANSCRIPT_1	ID_28589	0.00	-253.85	-131.52	-89.10	1.35	117.41
	1.00	LOCUS_51456.0_TRANSCRIPT_1	ID_28599	0.00	-120.38	-58.71	-64.44	-2.29	42.83
	1.00	LOCUS_51473.0_TRANSCRIPT_1	ID_28615	0.00	-32.08	-17.63	0.28	-0.15	29.04
	1.00	LOCUS_51487.0_TRANSCRIPT_1	ID_28629	0.00	-23.55	-8.70	-7.89	-10.11	8.84
	1.00	LOCUS_51588.0_TRANSCRIPT_1	ID_28723	0.00	-0.99	2.65	0.89	1.91	3.36
	1.00	LOCUS_51641.0_TRANSCRIPT_1	ID_28764	0.00	-18.87	-14.87	-11.75	-0.51	10.39
	1.00	LOCUS_51769.0_TRANSCRIPT_1	ID_28839	0.00	-0.74	-0.54	-0.80	-0.16	0.59
	1.00	LOCUS_51853.0_TRANSCRIPT_1	ID_28885	0.00	-1.62	-0.64	-1.79	0.22	1.00
	1.00	LOCUS_52070.0_TRANSCRIPT_1	ID_28986	0.00	-0.94	-0.31	-0.43	-0.12	0.20
	1.00	LOCUS_52139.0_TRANSCRIPT_1	ID_29016	0.00	-200.82	-48.76	-152.60	244.46	434.90
	1.00	LOCUS_53022.0_TRANSCRIPT_1	ID_29350	0.00	-0.42	-0.11	-0.26	-0.09	0.63
	1.00	LOCUS_58310.0_TRANSCRIPT_1	ID_30909	0.00	-0.54	-0.52	-0.49	0.15	0.92
	1.00	LOCUS_8409.0_TRANSCRIPT_1	ID_32912	0.00	-0.83	-0.16	-0.29	-0.40	0.46
	1.00	LOCUS_874.0_TRANSCRIPT_1	ID_32956	0.00	-0.31	-0.06	-0.32	0.04	0.74
