Gene Table for Profile 10 (0.0,-1.0,-2.0,-1.0,-3.0,-1.0)
Num. Genes Expected	Num. Genes Assigned	P-Value	Significant
322.0	184.5	2.3E-20	 (significant)
-------
Selected	Weight	trascript	SPOT	avg_norm_count_0d	avg_norm_count_1d	avg_norm_count_3d	avg_norm_count_5d	avg_norm_count_7d	avg_norm_count_9d
	1.00	LOCUS_10357.0_TRANSCRIPT_1	ID_156	0.00	0.45	-8.97	-2.62	-10.74	-4.24
	1.00	LOCUS_10423.0_TRANSCRIPT_1	ID_193	0.00	-9.49	-18.43	-16.81	-23.18	-17.13
	1.00	LOCUS_10528.0_TRANSCRIPT_1	ID_243	0.00	-1.49	-1.22	-0.52	-3.10	-0.74
	1.00	LOCUS_10529.0_TRANSCRIPT_1	ID_244	0.00	1.71	-5.69	-0.69	-7.08	-2.98
	1.00	LOCUS_10553.0_TRANSCRIPT_1	ID_258	0.00	-0.40	-0.95	-0.65	-1.13	-0.64
	1.00	LOCUS_10802.0_TRANSCRIPT_1	ID_369	0.00	-1.75	-1.70	-2.12	-2.67	-1.79
	1.00	LOCUS_10827.0_TRANSCRIPT_1	ID_378	0.00	-2.24	-6.52	-6.00	-8.81	-4.48
	1.00	LOCUS_10861.0_TRANSCRIPT_1	ID_399	0.00	-2.77	-12.14	-7.25	-15.17	-11.26
	1.00	LOCUS_11026.0_TRANSCRIPT_1	ID_475	0.00	-8.00	-18.81	-10.97	-26.07	-10.77
	1.00	LOCUS_11138.0_TRANSCRIPT_1	ID_527	0.00	-1.15	-1.47	-1.67	-1.90	-1.11
	1.00	LOCUS_11265.0_TRANSCRIPT_2	ID_591	0.00	-0.56	-0.94	-1.11	-1.21	-0.73
	1.00	LOCUS_11767.0_TRANSCRIPT_1	ID_805	0.00	-0.80	-1.11	-0.64	-1.80	-0.58
	1.00	LOCUS_12157.0_TRANSCRIPT_1	ID_995	0.00	-6.17	-9.93	-6.64	-10.70	-7.61
	1.00	LOCUS_12242.0_TRANSCRIPT_1	ID_1031	0.00	-2.09	-2.31	-2.69	-3.08	-2.11
	1.00	LOCUS_12385.0_TRANSCRIPT_1	ID_1092	0.00	-3.24	-3.50	-3.91	-5.40	-2.98
	1.00	LOCUS_12667.0_TRANSCRIPT_1	ID_1247	0.00	-10.48	-34.21	-37.04	-43.34	-25.21
	1.00	LOCUS_12738.0_TRANSCRIPT_1	ID_1291	0.00	-1.37	-2.19	-2.26	-2.34	-1.33
	1.00	LOCUS_12877.0_TRANSCRIPT_1	ID_1370	0.00	-15.35	-40.96	-25.22	-45.40	-36.55
	1.00	LOCUS_12913.0_TRANSCRIPT_1	ID_1390	0.00	-2.61	-4.37	-4.91	-4.73	-3.53
	1.00	LOCUS_13048.0_TRANSCRIPT_1	ID_1465	0.00	-4.12	-8.30	-9.97	-12.34	-7.21
	1.00	LOCUS_13083.0_TRANSCRIPT_1	ID_1487	0.00	-4.43	-5.91	-5.89	-7.47	-5.49
	1.00	LOCUS_14775.0_TRANSCRIPT_1	ID_1953	0.00	-7.96	-7.23	-6.69	-15.60	-9.74
	1.00	LOCUS_15358.0_TRANSCRIPT_1	ID_2077	0.00	-1.92	-2.91	-2.72	-3.41	-2.80
	1.00	LOCUS_16267.0_TRANSCRIPT_1	ID_2316	0.00	-1.08	-2.28	-1.29	-2.97	-1.24
	1.00	LOCUS_16367.0_TRANSCRIPT_1	ID_2338	0.00	-1.12	-1.89	-2.23	-2.17	-1.60
	1.00	LOCUS_17424.0_TRANSCRIPT_1	ID_2580	0.00	-0.58	-1.80	-1.36	-1.51	-0.82
	1.00	LOCUS_17705.0_TRANSCRIPT_1	ID_2647	0.00	-0.64	-0.42	-0.77	-1.17	-0.40
	1.00	LOCUS_17760.0_TRANSCRIPT_1	ID_2662	0.00	-0.91	-1.76	-1.62	-2.36	-1.07
	1.00	LOCUS_18954.0_TRANSCRIPT_1	ID_3002	0.00	-0.87	-0.82	-1.04	-1.43	-0.71
	1.00	LOCUS_19044.0_TRANSCRIPT_1	ID_3030	0.00	-1.04	-1.91	-1.66	-2.05	-0.53
	1.00	LOCUS_19287.0_TRANSCRIPT_1	ID_3090	0.00	-1.68	-1.74	-1.56	-2.45	-0.86
	1.00	LOCUS_20188.0_TRANSCRIPT_1	ID_3346	0.00	-0.74	-1.06	-1.33	-1.66	-0.54
	1.00	LOCUS_21593.0_TRANSCRIPT_1	ID_3767	0.00	-6.71	-16.06	-13.50	-16.13	-13.43
	1.00	LOCUS_22085.0_TRANSCRIPT_1	ID_3976	0.00	-1.65	-1.62	-1.00	-3.10	-1.68
	1.00	LOCUS_22179.0_TRANSCRIPT_1	ID_4019	0.00	-13.03	-17.95	-15.93	-18.48	-12.87
	1.00	LOCUS_22385.0_TRANSCRIPT_1	ID_4094	0.00	-0.81	-2.41	-2.53	-2.72	-1.72
	1.00	LOCUS_22620.0_TRANSCRIPT_2	ID_4195	0.00	-1.02	-2.89	-2.34	-2.48	-2.13
	1.00	LOCUS_23003.0_TRANSCRIPT_1	ID_4340	0.00	-12.79	-21.13	-16.74	-29.53	-22.68
	1.00	LOCUS_23080.0_TRANSCRIPT_1	ID_4373	0.00	-17.62	-33.07	-29.94	-40.04	-30.50
	1.00	LOCUS_23307.0_TRANSCRIPT_1	ID_4457	0.00	-8.85	-17.24	-16.90	-25.06	-17.96
	1.00	LOCUS_23422.0_TRANSCRIPT_1	ID_4505	0.00	-2.73	-4.52	-3.35	-7.57	-3.61
	1.00	LOCUS_24038.0_TRANSCRIPT_1	ID_4725	0.00	-1.49	-1.99	-2.08	-2.45	-0.87
	1.00	LOCUS_24040.0_TRANSCRIPT_1	ID_4727	0.00	-4.07	-4.56	-5.45	-6.98	-3.40
	1.00	LOCUS_24777.0_TRANSCRIPT_1	ID_4960	0.00	-1.64	-2.14	-2.31	-2.51	-1.73
	1.00	LOCUS_25789.0_TRANSCRIPT_1	ID_5318	0.00	-4.49	-8.18	-7.99	-9.32	-6.65
	1.00	LOCUS_25964.0_TRANSCRIPT_1	ID_5381	0.00	-0.01	-1.16	-1.09	-2.23	-1.14
	1.00	LOCUS_26985.0_TRANSCRIPT_1	ID_5788	0.00	-9.75	-10.26	-7.66	-13.50	-7.62
	1.00	LOCUS_27093.0_TRANSCRIPT_1	ID_5825	0.00	-0.61	-2.84	-1.74	-3.48	-2.24
	1.00	LOCUS_27211.0_TRANSCRIPT_1	ID_5892	0.00	-14.50	-12.14	-11.54	-24.18	-13.49
	1.00	LOCUS_28295.0_TRANSCRIPT_1	ID_6427	0.00	-5.14	-12.31	-7.03	-13.62	-12.31
	1.00	LOCUS_28588.0_TRANSCRIPT_1	ID_6545	0.00	-21.29	-33.41	-35.35	-39.62	-30.90
	1.00	LOCUS_28801.0_TRANSCRIPT_1	ID_6651	0.00	0.16	-1.21	-1.13	-3.01	-0.01
	1.00	LOCUS_28920.0_TRANSCRIPT_1	ID_6709	0.00	-9.77	-15.63	-10.84	-15.54	-6.62
	1.00	LOCUS_28992.0_TRANSCRIPT_1	ID_6738	0.00	-5.56	-10.62	-5.05	-8.82	-2.51
	1.00	LOCUS_29009.0_TRANSCRIPT_1	ID_6745	0.00	-12.83	-28.62	-15.25	-29.75	-17.33
	1.00	LOCUS_29050.0_TRANSCRIPT_1	ID_6760	0.00	-1.93	-2.91	-2.97	-4.11	-2.41
	1.00	LOCUS_29069.0_TRANSCRIPT_1	ID_6766	0.00	-0.81	-1.69	-1.48	-1.58	-1.10
	1.00	LOCUS_29226.0_TRANSCRIPT_1	ID_6847	0.00	-0.33	-1.10	-0.94	-1.26	-0.95
	1.00	LOCUS_29253.0_TRANSCRIPT_1	ID_6859	0.00	-0.56	-0.62	-0.66	-1.20	-0.73
	1.00	LOCUS_29346.0_TRANSCRIPT_1	ID_6899	0.00	-4.24	-5.31	-5.45	-5.81	-3.98
	1.00	LOCUS_29396.0_TRANSCRIPT_1	ID_6921	0.00	-1.86	-5.64	-5.55	-6.42	-4.44
	1.00	LOCUS_29654.0_TRANSCRIPT_1	ID_7039	0.00	-0.89	-1.67	-1.60	-1.52	-1.23
	1.00	LOCUS_29776.0_TRANSCRIPT_1	ID_7101	0.00	-0.69	-1.91	-1.09	-3.48	-1.94
	1.00	LOCUS_29842.0_TRANSCRIPT_1	ID_7130	0.00	-1.99	-3.04	-0.63	-7.52	-4.01
	1.00	LOCUS_30087.1_TRANSCRIPT_1	ID_7251	0.00	-3.74	-4.69	-4.80	-7.02	-4.64
	1.00	LOCUS_30249.0_TRANSCRIPT_1	ID_7328	0.00	0.11	-1.46	-0.07	-2.57	0.56
	1.00	LOCUS_30258.0_TRANSCRIPT_1	ID_7333	0.00	-74.91	-122.35	-117.38	-126.39	-105.97
	1.00	LOCUS_30408.0_TRANSCRIPT_1	ID_7421	0.00	-6.10	-5.60	-5.22	-14.40	-0.85
	1.00	LOCUS_30638.1_TRANSCRIPT_1	ID_7561	0.00	-0.98	-1.78	-1.46	-1.81	-1.31
	1.00	LOCUS_30730.0_TRANSCRIPT_1	ID_7612	0.00	-0.96	-1.71	-1.86	-2.43	-1.28
	1.00	LOCUS_31234.0_TRANSCRIPT_1	ID_7914	0.00	-4.70	-7.64	-2.45	-7.09	-2.91
	1.00	LOCUS_31237.0_TRANSCRIPT_1	ID_7916	0.00	-1.73	-2.44	-2.50	-2.46	-1.80
	1.00	LOCUS_31245.0_TRANSCRIPT_1	ID_7922	0.00	-2.25	-4.25	-3.27	-4.87	-4.00
	1.00	LOCUS_31538.0_TRANSCRIPT_1	ID_8092	0.00	-10.44	-15.38	-15.70	-16.18	-11.75
	1.00	LOCUS_31579.0_TRANSCRIPT_1	ID_8123	0.00	-0.38	-1.86	-1.13	-1.97	-1.10
	1.00	LOCUS_31601.0_TRANSCRIPT_1	ID_8142	0.00	-3.40	-6.91	-7.03	-7.23	-5.65
	1.00	LOCUS_31871.0_TRANSCRIPT_1	ID_8300	0.00	-6.50	-15.65	-14.74	-16.69	-12.64
	1.00	LOCUS_31900.0_TRANSCRIPT_1	ID_8318	0.00	-1.23	-3.05	-1.44	-4.27	-2.35
	1.00	LOCUS_31936.0_TRANSCRIPT_1	ID_8340	0.00	-4.86	-7.62	-7.64	-7.47	-5.30
	1.00	LOCUS_32254.0_TRANSCRIPT_1	ID_8505	0.00	-1.47	-2.71	-2.33	-2.50	-1.64
	1.00	LOCUS_32768.0_TRANSCRIPT_1	ID_8774	0.00	-0.42	-2.82	-1.81	-3.43	-1.90
	1.00	LOCUS_32866.0_TRANSCRIPT_1	ID_8841	0.00	-5.41	-5.33	-5.80	-9.05	-5.41
	1.00	LOCUS_33061.0_TRANSCRIPT_1	ID_8961	0.00	-1.75	-2.54	-2.45	-3.15	-2.49
	1.00	LOCUS_33229.0_TRANSCRIPT_1	ID_9068	0.00	-2.43	-7.78	-6.85	-9.20	-5.77
	1.00	LOCUS_33422.0_TRANSCRIPT_1	ID_9215	0.00	-1.71	-2.25	-2.98	-4.03	-2.57
	1.00	LOCUS_33757.0_TRANSCRIPT_1	ID_9424	0.00	-5.31	-12.35	-9.21	-12.92	-11.19
	1.00	LOCUS_33890.0_TRANSCRIPT_1	ID_9505	0.00	-1.92	-4.70	0.47	-5.86	-3.63
	1.00	LOCUS_34007.0_TRANSCRIPT_1	ID_9581	0.00	-1.46	-2.90	-2.75	-3.20	-1.46
	1.00	LOCUS_34040.0_TRANSCRIPT_1	ID_9605	0.00	-15.46	-24.29	-21.81	-26.92	-14.79
	1.00	LOCUS_34050.0_TRANSCRIPT_1	ID_9615	0.00	-1.78	-3.18	-2.52	-3.15	-1.90
	1.00	LOCUS_34179.0_TRANSCRIPT_1	ID_9701	0.00	-8.99	-9.87	-8.96	-11.44	-4.97
	1.00	LOCUS_34359.0_TRANSCRIPT_1	ID_9816	0.00	-1.83	-2.91	-1.64	-5.88	0.39
	1.00	LOCUS_34587.0_TRANSCRIPT_1	ID_9972	0.00	-0.12	-0.86	-0.27	-1.22	-0.32
	1.00	LOCUS_34668.0_TRANSCRIPT_1	ID_10039	0.00	-1.21	-3.04	-2.61	-2.91	-2.38
	1.00	LOCUS_34772.0_TRANSCRIPT_1	ID_10104	0.00	-4.08	-12.56	-6.87	-13.73	-10.55
	1.00	LOCUS_34869.0_TRANSCRIPT_1	ID_10170	0.00	-1.48	-2.31	-2.89	-3.19	-1.61
	1.00	LOCUS_34919.0_TRANSCRIPT_1	ID_10200	0.00	-1.07	-1.92	-1.69	-2.53	-1.94
	1.00	LOCUS_34966.0_TRANSCRIPT_1	ID_10233	0.00	-2.15	-3.88	-3.82	-3.81	-3.07
	1.00	LOCUS_35354.0_TRANSCRIPT_1	ID_10495	0.00	-17.23	-15.98	-17.19	-25.81	-16.13
	1.00	LOCUS_35371.0_TRANSCRIPT_1	ID_10512	0.00	-4.67	-8.14	-7.68	-7.69	-5.80
	1.00	LOCUS_35373.0_TRANSCRIPT_1	ID_10513	0.00	-1.56	-1.86	-2.26	-2.60	-1.87
	1.00	LOCUS_35584.0_TRANSCRIPT_1	ID_10672	0.00	-1.02	-1.88	-1.84	-2.21	-1.50
	1.00	LOCUS_35597.0_TRANSCRIPT_2	ID_10683	0.00	-0.92	-3.06	-1.81	-3.35	-2.30
	1.00	LOCUS_35646.0_TRANSCRIPT_1	ID_10729	0.00	-1.16	-1.65	-1.47	-2.06	-0.46
	1.00	LOCUS_35801.0_TRANSCRIPT_1	ID_10863	0.00	-3.32	-4.41	-3.08	-4.54	-2.60
	1.00	LOCUS_35863.0_TRANSCRIPT_1	ID_10913	0.00	-1.63	-6.81	-6.70	-10.46	-6.76
	1.00	LOCUS_36408.0_TRANSCRIPT_1	ID_11368	0.00	-2.74	-3.64	-3.44	-3.83	-2.39
	1.00	LOCUS_36764.0_TRANSCRIPT_1	ID_11638	0.00	-18.43	-32.66	-27.66	-30.38	-21.57
	1.00	LOCUS_36816.0_TRANSCRIPT_1	ID_11683	0.00	-0.63	-1.14	-0.89	-1.08	-0.72
	1.00	LOCUS_36954.1_TRANSCRIPT_1	ID_11783	0.00	-2.94	-4.38	-2.76	-5.68	0.11
	1.00	LOCUS_36965.0_TRANSCRIPT_1	ID_11794	0.00	-3.06	-5.31	-5.43	-5.37	-3.82
	1.00	LOCUS_37016.1_TRANSCRIPT_1	ID_11838	0.00	-12.23	-26.62	-32.35	-41.06	-17.40
	1.00	LOCUS_37028.0_TRANSCRIPT_1	ID_11843	0.00	-4.95	-11.82	-9.45	-12.94	-6.56
	1.00	LOCUS_37424.0_TRANSCRIPT_1	ID_12161	0.00	-0.77	-1.17	-0.44	-1.95	-1.29
	1.00	LOCUS_37488.0_TRANSCRIPT_1	ID_12213	0.00	-4.57	-7.49	-7.51	-7.93	-6.48
	1.00	LOCUS_37549.0_TRANSCRIPT_1	ID_12258	0.00	-2.15	-2.76	-2.56	-3.02	-1.45
	1.00	LOCUS_37589.0_TRANSCRIPT_1	ID_12292	0.00	-29.06	-58.55	-54.59	-56.12	-47.72
	1.00	LOCUS_37701.0_TRANSCRIPT_1	ID_12383	0.00	-2.00	-3.91	-2.96	-3.42	-2.22
	1.00	LOCUS_37739.0_TRANSCRIPT_1	ID_12414	0.00	-17.47	-18.29	-14.61	-27.92	-17.62
	1.00	LOCUS_37825.0_TRANSCRIPT_1	ID_12481	0.00	-1.11	-1.22	-1.39	-1.58	-1.08
	1.00	LOCUS_37845.0_TRANSCRIPT_2	ID_12498	0.00	-1.85	-7.91	-7.98	-9.02	-5.16
	1.00	LOCUS_37878.0_TRANSCRIPT_1	ID_12529	0.00	-1.06	-1.47	-1.18	-1.78	-1.30
	1.00	LOCUS_37934.1_TRANSCRIPT_2	ID_12568	0.00	-2.23	-2.84	-2.87	-4.18	-3.10
	1.00	LOCUS_38202.0_TRANSCRIPT_1	ID_12805	0.00	-4.75	-7.10	-7.61	-8.75	-5.30
	1.00	LOCUS_38205.0_TRANSCRIPT_1	ID_12808	0.00	-0.67	-1.14	-0.84	-1.33	-0.33
	1.00	LOCUS_38229.0_TRANSCRIPT_1	ID_12829	0.00	0.81	-1.05	0.41	-2.79	-1.67
	1.00	LOCUS_38239.0_TRANSCRIPT_1	ID_12841	0.00	-1.85	-2.57	-2.46	-3.11	-2.39
	1.00	LOCUS_38387.0_TRANSCRIPT_1	ID_12974	0.00	-24.88	-61.44	-60.23	-61.02	-48.72
	1.00	LOCUS_38694.0_TRANSCRIPT_1	ID_13222	0.00	-1.20	-1.53	-2.47	-3.71	-1.95
	1.00	LOCUS_38750.0_TRANSCRIPT_2	ID_13272	0.00	-1.10	-4.54	0.79	-8.19	-6.74
	1.00	LOCUS_38916.0_TRANSCRIPT_1	ID_13423	0.00	0.01	-0.93	0.02	-1.96	-1.29
	1.00	LOCUS_38917.0_TRANSCRIPT_1	ID_13424	0.00	-6.83	-8.35	-5.46	-8.37	-3.53
	1.00	LOCUS_39439.0_TRANSCRIPT_1	ID_13900	0.00	-1.29	-1.52	-1.72	-2.13	-1.08
	1.00	LOCUS_39591.0_TRANSCRIPT_1	ID_14040	0.00	-57.11	-53.25	-52.73	-90.73	-43.48
	1.00	LOCUS_39660.0_TRANSCRIPT_2	ID_14108	0.00	-2.43	-5.06	-3.31	-7.56	-2.19
	1.00	LOCUS_39680.0_TRANSCRIPT_1	ID_14126	0.00	-4.18	-8.29	-7.97	-12.82	-6.26
	1.00	LOCUS_39805.0_TRANSCRIPT_1	ID_14233	0.00	-1.52	-1.34	-1.15	-2.42	-0.89
	1.00	LOCUS_39842.0_TRANSCRIPT_1	ID_14268	0.00	-2.16	-2.79	-3.21	-3.43	-2.64
	1.00	LOCUS_39900.1_TRANSCRIPT_1	ID_14319	0.00	-17.86	-27.41	-25.53	-28.89	-22.72
	1.00	LOCUS_40154.0_TRANSCRIPT_2	ID_14536	0.00	-0.43	-1.87	-1.24	-2.10	-1.55
	1.00	LOCUS_40259.0_TRANSCRIPT_2	ID_14632	0.00	-1.10	-1.91	-1.82	-2.17	-1.70
	1.00	LOCUS_40382.1_TRANSCRIPT_1	ID_14752	0.00	-2.99	-6.93	-6.24	-6.01	-5.03
	1.00	LOCUS_40595.0_TRANSCRIPT_2	ID_14956	0.00	-1.81	-2.60	-2.16	-4.65	-0.18
	1.00	LOCUS_40602.0_TRANSCRIPT_8	ID_14971	0.00	-2.83	-4.33	-2.96	-4.33	-1.39
	1.00	LOCUS_40648.0_TRANSCRIPT_1	ID_15019	0.00	-5.23	-15.34	-15.60	-19.79	-5.38
	1.00	LOCUS_40679.2_TRANSCRIPT_1	ID_15061	0.00	-8.11	-8.80	-11.29	-16.02	-10.45
	1.00	LOCUS_40681.0_TRANSCRIPT_1	ID_15063	0.00	-24.99	-35.87	-25.07	-36.92	-21.84
	1.00	LOCUS_40916.0_TRANSCRIPT_1	ID_15292	0.00	-0.74	-3.11	-3.01	-3.60	-0.87
	1.00	LOCUS_41032.0_TRANSCRIPT_1	ID_15406	0.00	-1.38	-1.29	-1.44	-3.07	-0.71
	1.00	LOCUS_41054.0_TRANSCRIPT_1	ID_15421	0.00	-1.50	-3.45	-3.31	-3.55	-2.84
	1.00	LOCUS_41224.0_TRANSCRIPT_2	ID_15562	0.00	-2.71	-8.97	-6.63	-9.73	-6.53
	1.00	LOCUS_41311.0_TRANSCRIPT_1	ID_15649	0.00	-0.45	-0.96	-1.10	-1.44	-0.75
	1.00	LOCUS_41342.1_TRANSCRIPT_1	ID_15679	0.00	-1.52	-1.76	-1.99	-3.63	-1.23
	1.00	LOCUS_41343.0_TRANSCRIPT_1	ID_15680	0.00	-2.18	-4.36	-0.80	-5.58	-2.90
	1.00	LOCUS_41384.0_TRANSCRIPT_1	ID_15711	0.00	-22.68	-46.94	-30.29	-53.23	-40.55
	1.00	LOCUS_41763.0_TRANSCRIPT_1	ID_16097	0.00	-6.29	-8.37	-7.30	-10.53	-7.61
	1.00	LOCUS_41777.0_TRANSCRIPT_1	ID_16107	0.00	-1.42	-3.42	-2.28	-3.19	-2.80
	1.00	LOCUS_41799.0_TRANSCRIPT_1	ID_16132	0.00	-21.41	-17.03	-24.35	-34.73	-20.01
	1.00	LOCUS_41980.0_TRANSCRIPT_4	ID_16308	0.00	-13.83	-15.41	-13.76	-21.49	-11.76
	1.00	LOCUS_41987.0_TRANSCRIPT_1	ID_16312	0.00	-11.64	-18.16	-16.41	-17.01	-12.76
	1.00	LOCUS_42033.0_TRANSCRIPT_1	ID_16370	0.00	-6.46	-10.20	-6.04	-9.21	-3.46
	1.00	LOCUS_42133.0_TRANSCRIPT_2	ID_16493	0.00	-11.33	-15.51	-14.21	-19.66	-11.87
	1.00	LOCUS_42289.0_TRANSCRIPT_1	ID_16671	0.00	-9.90	-21.31	-18.21	-18.95	-13.94
	1.00	LOCUS_42423.0_TRANSCRIPT_3	ID_16802	0.00	-0.89	-1.41	-1.56	-1.80	-1.10
	1.00	LOCUS_42501.0_TRANSCRIPT_2	ID_16889	0.00	-13.73	-25.41	-23.39	-24.82	-20.72
	1.00	LOCUS_42592.0_TRANSCRIPT_2	ID_16986	0.00	-0.08	-0.55	-0.57	-1.06	-0.12
	1.00	LOCUS_42711.0_TRANSCRIPT_2	ID_17118	0.00	-0.91	-1.09	-0.94	-1.07	-0.59
	1.00	LOCUS_42793.0_TRANSCRIPT_1	ID_17217	0.00	-3.05	-6.20	-5.35	-5.83	-4.70
	1.00	LOCUS_43010.0_TRANSCRIPT_1	ID_17450	0.00	-14.85	-28.90	-30.60	-30.97	-24.09
	1.00	LOCUS_43013.0_TRANSCRIPT_1	ID_17453	0.00	-5.17	-5.79	-6.29	-9.30	-6.95
	1.00	LOCUS_43130.0_TRANSCRIPT_1	ID_17594	0.00	-1.43	-2.24	-0.91	-2.50	-1.40
	1.00	LOCUS_43325.0_TRANSCRIPT_1	ID_17802	0.00	-10.29	-10.47	-10.39	-14.19	-6.93
	1.00	LOCUS_43498.0_TRANSCRIPT_1	ID_17987	0.00	-3.29	-6.91	-3.94	-8.45	-4.43
	1.00	LOCUS_43692.0_TRANSCRIPT_1	ID_18217	0.00	-62.88	-63.16	-37.05	-83.04	-37.73
	1.00	LOCUS_43727.0_TRANSCRIPT_3	ID_18262	0.00	-1.36	-1.49	-1.65	-2.15	-0.86
	1.00	LOCUS_43737.0_TRANSCRIPT_2	ID_18267	0.00	-0.56	-1.14	-1.23	-1.41	-0.95
	1.00	LOCUS_43753.0_TRANSCRIPT_2	ID_18294	0.00	-10.03	-16.11	-17.48	-19.43	-11.03
	1.00	LOCUS_43874.0_TRANSCRIPT_1	ID_18425	0.00	-2.82	-23.09	-19.97	-27.87	3.14
	1.00	LOCUS_43931.2_TRANSCRIPT_1	ID_18493	0.00	0.27	-4.97	-3.66	-5.40	0.14
	1.00	LOCUS_44019.0_TRANSCRIPT_3	ID_18573	0.00	-13.63	-18.87	-18.27	-21.74	-15.28
	1.00	LOCUS_44024.0_TRANSCRIPT_1	ID_18580	0.00	-0.96	-1.27	-0.77	-1.46	-0.66
	1.00	LOCUS_44028.0_TRANSCRIPT_2	ID_18588	0.00	-0.53	-1.07	-0.21	-0.99	-0.27
	1.00	LOCUS_44070.1_TRANSCRIPT_2	ID_18647	0.00	-130.13	-211.88	-190.35	-229.31	-167.84
	1.00	LOCUS_44073.0_TRANSCRIPT_3	ID_18651	0.00	-0.51	-1.23	-0.73	-2.55	-1.77
	1.00	LOCUS_44136.0_TRANSCRIPT_1	ID_18714	0.00	-1.30	-2.24	-2.10	-2.40	-2.02
	1.00	LOCUS_44190.0_TRANSCRIPT_1	ID_18781	0.00	-17.09	-22.92	-20.30	-27.98	-19.28
	1.00	LOCUS_44205.0_TRANSCRIPT_1	ID_18801	0.00	-10.70	-17.62	-16.59	-20.06	-13.13
	1.00	LOCUS_44283.0_TRANSCRIPT_1	ID_18879	0.00	-3.56	-5.06	-3.45	-5.32	-2.68
	1.00	LOCUS_44293.0_TRANSCRIPT_1	ID_18894	0.00	-29.96	-34.44	-33.38	-38.92	-17.72
	1.00	LOCUS_44309.0_TRANSCRIPT_1	ID_18922	0.00	-5.82	-10.08	-10.07	-9.98	-8.10
	1.00	LOCUS_44336.1_TRANSCRIPT_2	ID_18955	0.00	-260.48	-578.09	-525.53	-535.83	-412.65
	1.00	LOCUS_44513.0_TRANSCRIPT_1	ID_19192	0.00	-6.99	-10.10	-10.56	-11.11	-8.35
	1.00	LOCUS_44563.1_TRANSCRIPT_2	ID_19246	0.00	-1.87	-2.51	-2.81	-3.25	-1.11
	1.00	LOCUS_44603.0_TRANSCRIPT_3	ID_19300	0.00	-6.03	-6.62	-5.07	-10.63	-3.77
	1.00	LOCUS_44700.0_TRANSCRIPT_1	ID_19406	0.00	-15.92	-23.03	-23.07	-30.28	-22.81
	1.00	LOCUS_44741.0_TRANSCRIPT_1	ID_19451	0.00	-12.24	-19.30	-15.81	-16.76	-11.50
	1.00	LOCUS_44780.0_TRANSCRIPT_1	ID_19502	0.00	-39.97	-41.86	-24.86	-55.56	-22.61
	1.00	LOCUS_44800.0_TRANSCRIPT_1	ID_19543	0.00	-21.40	-39.18	-48.95	-59.54	-29.09
	1.00	LOCUS_44847.0_TRANSCRIPT_3	ID_19597	0.00	-2.11	-3.64	-1.92	-4.13	-2.46
	1.00	LOCUS_44855.0_TRANSCRIPT_1	ID_19603	0.00	-8.54	-17.91	-18.72	-22.66	-15.64
	1.00	LOCUS_44867.0_TRANSCRIPT_1	ID_19613	0.00	-0.46	-1.19	-0.80	-1.15	-0.51
	1.00	LOCUS_44907.1_TRANSCRIPT_1	ID_19658	0.00	-8.06	-31.76	-26.43	-33.25	-21.38
	1.00	LOCUS_44907.2_TRANSCRIPT_10	ID_19659	0.00	-6.85	-15.96	-14.11	-26.43	-13.53
	1.00	LOCUS_44924.0_TRANSCRIPT_1	ID_19683	0.00	-2.70	-4.22	-4.49	-5.65	-3.97
	1.00	LOCUS_44925.0_TRANSCRIPT_1	ID_19684	0.00	-15.17	-21.08	-8.21	-31.09	-19.71
	1.00	LOCUS_45031.1_TRANSCRIPT_1	ID_19794	0.00	-2.62	-4.15	-3.40	-4.92	-2.71
	1.00	LOCUS_45031.2_TRANSCRIPT_10	ID_19795	0.00	-2.79	-2.53	-2.13	-4.23	-2.40
	1.00	LOCUS_45123.0_TRANSCRIPT_1	ID_19912	0.00	-21.99	-23.23	-16.50	-36.24	-19.51
	1.00	LOCUS_45139.0_TRANSCRIPT_4	ID_19936	0.00	-1.65	-1.63	0.03	-2.27	-0.89
	1.00	LOCUS_45152.0_TRANSCRIPT_2	ID_19956	0.00	-2.25	-2.38	-3.24	-3.97	-2.29
	1.00	LOCUS_45230.0_TRANSCRIPT_2	ID_20055	0.00	-1.56	-1.45	-1.53	-2.08	-1.01
	1.00	LOCUS_45276.0_TRANSCRIPT_1	ID_20109	0.00	-2.93	-26.06	-19.51	-29.00	-17.67
	1.00	LOCUS_45497.0_TRANSCRIPT_1	ID_20390	0.00	-36.93	-66.28	-66.43	-70.38	-56.70
	1.00	LOCUS_45712.0_TRANSCRIPT_5	ID_20648	0.00	-1.57	-1.66	-2.05	-2.73	-1.75
	1.00	LOCUS_45737.0_TRANSCRIPT_3	ID_20680	0.00	-2.21	-4.41	-4.11	-4.63	-3.58
	1.00	LOCUS_45790.0_TRANSCRIPT_2	ID_20749	0.00	-0.43	-1.45	-1.31	-1.69	-0.95
	1.00	LOCUS_45833.0_TRANSCRIPT_1	ID_20801	0.00	-5.81	-7.36	-8.37	-9.82	-7.01
	1.00	LOCUS_46150.0_TRANSCRIPT_2	ID_21203	0.00	-35.21	-62.53	-57.94	-90.18	-61.27
	1.00	LOCUS_46227.0_TRANSCRIPT_3	ID_21315	0.00	-1.42	-3.19	-3.00	-3.55	-2.44
	1.00	LOCUS_46298.2_TRANSCRIPT_1	ID_21431	0.00	-2.93	-6.43	-5.12	-7.87	-5.40
	1.00	LOCUS_46389.0_TRANSCRIPT_2	ID_21544	0.00	-1.80	-3.04	-2.85	-5.98	-3.59
	1.00	LOCUS_46400.0_TRANSCRIPT_2	ID_21566	0.00	-0.96	-1.70	-1.51	-1.73	-1.46
	1.00	LOCUS_46569.0_TRANSCRIPT_1	ID_21798	0.00	-1.38	-2.82	-2.67	-2.66	-1.82
	1.00	LOCUS_46601.0_TRANSCRIPT_3	ID_21841	0.00	-2.03	-10.71	-6.83	-19.55	-13.28
	1.00	LOCUS_46629.0_TRANSCRIPT_1	ID_21876	0.00	-7.61	-13.62	-12.53	-14.49	-9.16
	1.00	LOCUS_46659.0_TRANSCRIPT_1	ID_21917	0.00	-0.06	-0.47	-0.63	-1.38	-0.57
	1.00	LOCUS_46664.1_TRANSCRIPT_1	ID_21925	0.00	-19.98	-33.22	-28.53	-33.71	-16.65
	1.00	LOCUS_46701.0_TRANSCRIPT_14	ID_21971	0.00	-10.32	-13.07	-11.83	-18.19	-10.69
	1.00	LOCUS_46712.1_TRANSCRIPT_1	ID_21994	0.00	-1.00	-1.27	-0.63	-1.20	-0.51
	1.00	LOCUS_46856.0_TRANSCRIPT_4	ID_22198	0.00	-1.02	-1.29	-1.40	-1.85	-1.24
	1.00	LOCUS_46941.1_TRANSCRIPT_1	ID_22328	0.00	0.03	-0.49	-0.89	-3.05	-0.95
	1.00	LOCUS_46949.1_TRANSCRIPT_1	ID_22337	0.00	-113.12	-213.15	-208.30	-221.40	-183.72
	1.00	LOCUS_47015.0_TRANSCRIPT_3	ID_22424	0.00	-45.16	-46.07	-43.99	-70.10	-46.72
	1.00	LOCUS_47057.1_TRANSCRIPT_1	ID_22475	0.00	-2.19	-9.50	-9.76	-11.20	-6.27
	1.00	LOCUS_47133.2_TRANSCRIPT_3	ID_22602	0.00	-15.19	-17.15	-18.29	-20.82	-11.01
	1.00	LOCUS_47154.0_TRANSCRIPT_2	ID_22622	0.00	-2.73	-2.94	-3.66	-4.77	-3.34
	1.00	LOCUS_47186.1_TRANSCRIPT_4	ID_22663	0.00	-1.34	-2.87	-2.49	-2.57	-1.74
	1.00	LOCUS_47198.0_TRANSCRIPT_1	ID_22672	0.00	-0.86	-1.63	-0.58	-1.89	-0.55
	1.00	LOCUS_47210.0_TRANSCRIPT_1	ID_22686	0.00	-28.32	-43.03	-42.62	-54.60	-40.69
	1.00	LOCUS_47291.0_TRANSCRIPT_2	ID_22805	0.00	-7.15	-9.84	-7.91	-9.34	-5.50
	1.00	LOCUS_47335.0_TRANSCRIPT_1	ID_22855	0.00	-2.92	-6.31	-3.35	-6.79	-5.53
	1.00	LOCUS_47378.0_TRANSCRIPT_4	ID_22910	0.00	-0.83	-1.11	-1.65	-6.12	0.18
	1.00	LOCUS_47398.1_TRANSCRIPT_1	ID_22928	0.00	-0.72	-2.60	-2.03	-2.53	-1.07
	1.00	LOCUS_47423.0_TRANSCRIPT_2	ID_22963	0.00	-4.23	-7.83	-7.74	-7.87	-6.07
	1.00	LOCUS_47423.1_TRANSCRIPT_1	ID_22964	0.00	-0.91	-2.75	-2.48	-2.71	-1.68
	1.00	LOCUS_47467.2_TRANSCRIPT_9	ID_23038	0.00	-6.78	-13.42	-12.62	-14.35	-9.45
	1.00	LOCUS_47475.4_TRANSCRIPT_1	ID_23052	0.00	-8.97	-15.29	-19.62	-22.19	-11.09
	1.00	LOCUS_47619.0_TRANSCRIPT_1	ID_23266	0.00	-1.14	-1.46	-0.88	-2.12	-1.06
	1.00	LOCUS_47640.0_TRANSCRIPT_1	ID_23288	0.00	-0.52	-1.41	-1.11	-1.19	-1.09
	1.00	LOCUS_47740.0_TRANSCRIPT_1	ID_23415	0.00	-7.69	-16.37	-16.78	-20.68	-11.01
	1.00	LOCUS_47757.1_TRANSCRIPT_2	ID_23434	0.00	-0.52	-1.75	-1.53	-2.57	-1.65
	1.00	LOCUS_47860.1_TRANSCRIPT_2	ID_23568	0.00	-10.96	-14.68	-11.90	-14.91	-8.38
	1.00	LOCUS_48012.4_TRANSCRIPT_2	ID_23786	0.00	-30.03	-34.56	-28.80	-34.66	-18.21
	1.00	LOCUS_48022.0_TRANSCRIPT_2	ID_23805	0.00	-13.23	-30.73	-26.93	-28.13	-20.41
	1.00	LOCUS_48032.0_TRANSCRIPT_1	ID_23817	0.00	-7.68	-8.15	-11.78	-16.96	-9.12
	1.00	LOCUS_48117.0_TRANSCRIPT_8	ID_23921	0.00	-0.55	-0.77	-0.90	-1.23	-0.74
	1.00	LOCUS_48188.0_TRANSCRIPT_1	ID_24016	0.00	-6.13	-15.04	-13.70	-15.45	-10.65
	1.00	LOCUS_48335.0_TRANSCRIPT_2	ID_24226	0.00	-18.46	-21.93	-19.71	-28.72	-18.98
	1.00	LOCUS_48495.0_TRANSCRIPT_1	ID_24450	0.00	-4.40	-8.91	-11.71	-23.62	-11.05
	1.00	LOCUS_48649.1_TRANSCRIPT_1	ID_24668	0.00	-0.36	-4.40	-4.32	-6.25	-2.22
	1.00	LOCUS_48715.0_TRANSCRIPT_4	ID_24774	0.00	-0.72	-1.04	-0.97	-1.08	-0.58
	1.00	LOCUS_48762.1_TRANSCRIPT_3	ID_24843	0.00	-2.02	-5.60	-6.67	-7.00	-3.56
	1.00	LOCUS_48941.2_TRANSCRIPT_2	ID_25071	0.00	-5.31	-5.29	-5.20	-10.68	-6.15
	1.00	LOCUS_48943.2_TRANSCRIPT_2	ID_25076	0.00	-15.44	-50.47	-51.03	-53.79	-34.38
	1.00	LOCUS_48962.1_TRANSCRIPT_1	ID_25104	0.00	-2.95	-3.70	-2.25	-4.94	-2.37
	1.00	LOCUS_48962.3_TRANSCRIPT_1	ID_25105	0.00	-9.03	-9.95	-9.10	-13.88	-8.79
	1.00	LOCUS_49048.0_TRANSCRIPT_1	ID_25214	0.00	-16.22	-25.19	-38.48	-56.79	-31.64
	1.00	LOCUS_49074.0_TRANSCRIPT_1	ID_25252	0.00	-0.56	-1.25	-1.46	-1.53	-0.99
	1.00	LOCUS_49114.0_TRANSCRIPT_1	ID_25301	0.00	-10.56	-14.99	-15.05	-18.17	-14.28
	1.00	LOCUS_49154.0_TRANSCRIPT_2	ID_25350	0.00	-2.99	-2.48	-1.33	-5.80	-1.11
	1.00	LOCUS_49163.0_TRANSCRIPT_2	ID_25360	0.00	-0.86	-1.28	-1.14	-2.39	-1.54
	1.00	LOCUS_49321.0_TRANSCRIPT_5	ID_25633	0.00	-1.37	-1.54	-1.76	-2.32	-1.39
	1.00	LOCUS_49325.1_TRANSCRIPT_13	ID_25644	0.00	-0.57	-0.44	-0.64	-1.20	-0.37
	1.00	LOCUS_49436.0_TRANSCRIPT_1	ID_25802	0.00	-76.28	-131.23	-126.28	-129.60	-108.12
	1.00	LOCUS_49438.1_TRANSCRIPT_1	ID_25806	0.00	-1.65	-1.95	-2.91	-3.81	-2.14
	1.00	LOCUS_49718.0_TRANSCRIPT_1	ID_26158	0.00	-10.74	-17.14	-18.74	-28.01	-17.32
	1.00	LOCUS_49768.0_TRANSCRIPT_3	ID_26219	0.00	-0.69	-0.72	-0.23	-1.29	-0.44
	1.00	LOCUS_49779.2_TRANSCRIPT_3	ID_26238	0.00	-0.52	-2.02	-1.78	-2.18	-0.98
	1.00	LOCUS_49807.0_TRANSCRIPT_1	ID_26274	0.00	-0.63	-0.72	-0.57	-1.31	-0.90
	1.00	LOCUS_49816.1_TRANSCRIPT_2	ID_26285	0.00	-3.33	-5.10	-5.30	-7.50	-5.44
	1.00	LOCUS_49863.0_TRANSCRIPT_1	ID_26361	0.00	-98.66	-128.25	-86.61	-192.09	-135.76
	1.00	LOCUS_50167.1_TRANSCRIPT_1	ID_26798	0.00	-1.37	-1.97	-1.66	-2.30	-1.68
	1.00	LOCUS_50224.0_TRANSCRIPT_3	ID_26892	0.00	-0.58	-0.75	-0.83	-1.40	-0.58
	1.00	LOCUS_50236.0_TRANSCRIPT_4	ID_26918	0.00	-1.58	-2.48	-2.24	-3.41	-2.51
	1.00	LOCUS_50283.0_TRANSCRIPT_3	ID_27001	0.00	-10.03	-12.24	-12.55	-15.15	-10.57
	1.00	LOCUS_50323.2_TRANSCRIPT_3	ID_27062	0.00	-0.56	-0.52	-0.50	-1.06	-0.35
	1.00	LOCUS_50550.0_TRANSCRIPT_3	ID_27396	0.00	-0.69	-1.13	-0.69	-1.62	-0.26
	1.00	LOCUS_50567.1_TRANSCRIPT_1	ID_27419	0.00	-2.52	-2.98	-2.19	-4.70	-1.38
	1.00	LOCUS_50596.0_TRANSCRIPT_2	ID_27471	0.00	-29.46	-53.48	-54.54	-68.46	-51.06
	1.00	LOCUS_50735.0_TRANSCRIPT_1	ID_27656	0.00	-1.19	-1.18	-1.07	-1.85	-1.17
	1.00	LOCUS_50874.0_TRANSCRIPT_2	ID_27854	0.00	-5.87	-7.49	-7.17	-9.04	-6.48
	1.00	LOCUS_50885.1_TRANSCRIPT_1	ID_27870	0.00	-2.95	-3.65	-3.41	-4.70	-2.75
	1.00	LOCUS_50923.0_TRANSCRIPT_6	ID_27921	0.00	-6.87	-10.14	-9.07	-11.43	-7.14
	1.00	LOCUS_50970.2_TRANSCRIPT_1	ID_27983	0.00	-0.79	-1.33	-1.45	-2.08	-1.46
	1.00	LOCUS_50987.0_TRANSCRIPT_1	ID_28001	0.00	-78.63	-84.87	-27.34	-113.49	-40.76
	1.00	LOCUS_50989.0_TRANSCRIPT_1	ID_28002	0.00	-2.49	-11.46	-10.69	-11.74	-4.96
	1.00	LOCUS_51008.0_TRANSCRIPT_5	ID_28028	0.00	-1.33	-1.67	-1.88	-2.47	-1.71
	1.00	LOCUS_51063.0_TRANSCRIPT_1	ID_28100	0.00	-14.75	-13.88	-15.14	-20.81	-12.53
	1.00	LOCUS_51066.1_TRANSCRIPT_1	ID_28106	0.00	-16.63	-18.36	-13.79	-20.62	-11.17
	1.00	LOCUS_51069.1_TRANSCRIPT_6	ID_28112	0.00	-111.15	-102.96	-81.49	-139.98	-70.02
	1.00	LOCUS_51111.0_TRANSCRIPT_1	ID_28165	0.00	-0.65	-1.24	-0.80	-1.34	-0.97
	1.00	LOCUS_51202.0_TRANSCRIPT_4	ID_28300	0.00	-23.29	-53.35	-55.19	-52.44	-41.59
	1.00	LOCUS_51205.1_TRANSCRIPT_2	ID_28309	0.00	-1.96	-3.77	-4.23	-4.51	-3.20
	1.00	LOCUS_51319.0_TRANSCRIPT_3	ID_28442	0.00	-1.67	-1.79	-0.84	-2.81	-1.58
	1.00	LOCUS_51405.3_TRANSCRIPT_2	ID_28546	0.00	-1.97	-2.65	-2.76	-3.30	-1.74
	1.00	LOCUS_51537.0_TRANSCRIPT_1	ID_28677	0.00	-14.59	-21.36	-19.23	-23.14	-17.09
	1.00	LOCUS_51555.0_TRANSCRIPT_1	ID_28694	0.00	-5.25	-9.34	-6.45	-11.48	-8.85
	1.00	LOCUS_51623.0_TRANSCRIPT_1	ID_28751	0.00	-0.50	-1.01	-1.52	-2.44	-0.04
	1.00	LOCUS_51671.0_TRANSCRIPT_1	ID_28783	0.00	-2.44	-2.67	-2.41	-3.03	-1.64
	1.00	LOCUS_51723.0_TRANSCRIPT_1	ID_28814	0.00	-1.99	-5.85	-4.57	-6.55	-5.06
	1.00	LOCUS_51782.0_TRANSCRIPT_1	ID_28847	0.00	-0.98	-0.91	-0.86	-1.30	-0.73
	1.00	LOCUS_51795.0_TRANSCRIPT_1	ID_28856	0.00	-0.49	-1.13	-0.61	-1.36	-1.16
	1.00	LOCUS_52707.0_TRANSCRIPT_1	ID_29239	0.00	-1.34	-2.15	-2.44	-2.73	-1.26
	1.00	LOCUS_52908.0_TRANSCRIPT_1	ID_29311	0.00	-1.79	-3.86	-4.25	-4.03	-2.79
	1.00	LOCUS_53111.0_TRANSCRIPT_1	ID_29391	0.00	-0.72	-1.03	-1.18	-1.28	-0.94
	1.00	LOCUS_56600.0_TRANSCRIPT_1	ID_30455	0.00	-0.79	-1.42	-1.44	-1.51	-0.93
	1.00	LOCUS_56973.0_TRANSCRIPT_1	ID_30563	0.00	-0.84	-3.35	-2.98	-3.68	-2.55
	1.00	LOCUS_58604.0_TRANSCRIPT_1	ID_30967	0.00	-2.87	-3.50	-3.68	-4.14	-2.72
	1.00	LOCUS_60661.0_TRANSCRIPT_1	ID_31517	0.00	-0.57	-1.01	-0.93	-0.95	-0.76
	1.00	LOCUS_8021.0_TRANSCRIPT_1	ID_32863	0.00	-0.56	-0.67	-0.44	-1.33	-0.79
	1.00	LOCUS_9772.0_TRANSCRIPT_1	ID_33137	0.00	-0.56	-2.05	-1.75	-1.96	-0.92
	1.00	LOCUS_9891.0_TRANSCRIPT_1	ID_33191	0.00	-0.57	-0.83	-1.05	-1.13	-0.76
