Gene Table for Profile 18 (0.0,-1.0,1.0,1.0,1.0,0.0)
Num. Genes Expected	Num. Genes Assigned	P-Value	Significant
622.0	204.1	2.3E-123	 (significant)
-------
Selected	Weight	trascript	SPOT	avg_norm_count_0d	avg_norm_count_1d	avg_norm_count_3d	avg_norm_count_5d	avg_norm_count_7d	avg_norm_count_9d
	1.00	LOCUS_10106.0_TRANSCRIPT_1	ID_44	0.00	-0.03	3.22	2.79	4.14	0.20
	1.00	LOCUS_10141.0_TRANSCRIPT_1	ID_56	0.00	-0.44	1.02	0.55	0.44	0.37
	1.00	LOCUS_10308.0_TRANSCRIPT_1	ID_137	0.00	-5.20	4.76	1.82	5.82	2.20
	1.00	LOCUS_10900.0_TRANSCRIPT_1	ID_416	0.00	-6.70	32.05	17.72	22.12	9.64
	1.00	LOCUS_11139.1_TRANSCRIPT_1	ID_529	0.00	0.01	1.39	1.83	1.02	0.43
	1.00	LOCUS_11150.0_TRANSCRIPT_1	ID_537	0.00	-0.09	2.19	3.22	2.81	1.21
	1.00	LOCUS_11458.0_TRANSCRIPT_1	ID_676	0.00	-0.04	1.40	1.39	1.40	0.94
	1.00	LOCUS_11590.0_TRANSCRIPT_1	ID_731	0.00	-39.37	6.81	-3.75	30.79	7.83
	1.00	LOCUS_11646.0_TRANSCRIPT_1	ID_751	0.00	-139.60	20.19	67.21	34.12	-6.95
	1.00	LOCUS_11668.0_TRANSCRIPT_1	ID_761	0.00	-0.23	1.84	1.32	0.87	0.34
	1.00	LOCUS_11786.0_TRANSCRIPT_1	ID_820	0.00	0.01	2.09	2.12	1.83	1.12
	1.00	LOCUS_11793.0_TRANSCRIPT_1	ID_823	0.00	-0.04	2.14	1.42	1.61	0.52
	1.00	LOCUS_11890.0_TRANSCRIPT_1	ID_861	0.00	-0.29	0.97	0.88	0.90	0.69
	1.00	LOCUS_11894.0_TRANSCRIPT_1	ID_863	0.00	-1.00	1.19	1.48	0.95	-0.11
	1.00	LOCUS_12568.0_TRANSCRIPT_1	ID_1184	0.00	-0.07	3.53	6.88	6.85	1.10
	1.00	LOCUS_12711.0_TRANSCRIPT_1	ID_1274	0.00	-1.58	2.15	1.14	1.18	-1.47
	1.00	LOCUS_12820.0_TRANSCRIPT_1	ID_1336	0.00	-0.55	8.35	8.72	6.54	5.69
	1.00	LOCUS_12880.0_TRANSCRIPT_1	ID_1373	0.00	-0.22	17.06	25.87	23.97	13.27
	1.00	LOCUS_12944.0_TRANSCRIPT_1	ID_1407	0.00	-0.84	1.54	0.51	1.45	0.18
	1.00	LOCUS_12956.0_TRANSCRIPT_1	ID_1418	0.00	-3.77	0.38	-0.41	-0.02	-2.76
	1.00	LOCUS_12997.0_TRANSCRIPT_1	ID_1442	0.00	-12.04	6.88	8.37	9.43	2.13
	1.00	LOCUS_13155.0_TRANSCRIPT_1	ID_1534	0.00	-2.52	1.62	1.94	3.74	1.06
	1.00	LOCUS_14763.0_TRANSCRIPT_1	ID_1949	0.00	-0.02	1.05	1.03	0.78	0.46
	1.00	LOCUS_15229.0_TRANSCRIPT_1	ID_2055	0.00	-0.21	1.16	0.92	0.62	0.13
	1.00	LOCUS_15843.0_TRANSCRIPT_1	ID_2211	0.00	-0.15	1.73	1.55	2.07	1.39
	1.00	LOCUS_16630.0_TRANSCRIPT_1	ID_2419	0.00	0.08	1.23	1.10	0.82	0.21
	1.00	LOCUS_17167.0_TRANSCRIPT_1	ID_2528	0.00	-0.83	1.24	1.46	0.25	-0.22
	1.00	LOCUS_17305.0_TRANSCRIPT_1	ID_2550	0.00	0.63	11.88	17.68	14.30	7.76
	1.00	LOCUS_17758.0_TRANSCRIPT_1	ID_2660	0.00	-0.14	33.89	52.77	33.66	16.58
	1.00	LOCUS_17965.0_TRANSCRIPT_1	ID_2710	0.00	-0.23	2.04	2.95	2.26	1.69
	1.00	LOCUS_18740.0_TRANSCRIPT_1	ID_2941	0.00	-0.13	0.87	0.47	0.44	0.18
	1.00	LOCUS_18845.0_TRANSCRIPT_1	ID_2978	0.00	-0.01	1.82	4.06	4.10	1.00
	1.00	LOCUS_19471.1_TRANSCRIPT_1	ID_3133	0.00	-0.49	0.61	2.15	1.46	-0.72
	1.00	LOCUS_20207.0_TRANSCRIPT_1	ID_3353	0.00	0.03	1.14	0.81	1.02	0.68
	1.00	LOCUS_20583.0_TRANSCRIPT_1	ID_3442	0.00	-1.11	0.21	-0.27	0.14	-0.97
	1.00	LOCUS_20927.0_TRANSCRIPT_1	ID_3532	0.00	-0.03	0.66	0.70	0.98	0.65
	1.00	LOCUS_20938.0_TRANSCRIPT_1	ID_3536	0.00	-0.28	1.63	1.21	1.59	0.60
	1.00	LOCUS_20985.0_TRANSCRIPT_1	ID_3546	0.00	-1.97	0.67	-0.11	1.81	-0.14
	1.00	LOCUS_21307.0_TRANSCRIPT_1	ID_3661	0.00	-71.39	126.89	91.08	76.57	17.18
	1.00	LOCUS_21718.0_TRANSCRIPT_1	ID_3818	0.00	-0.20	0.96	0.58	0.87	0.23
	1.00	LOCUS_21796.0_TRANSCRIPT_1	ID_3849	0.00	-1.08	1.84	1.52	1.30	0.28
	1.00	LOCUS_21831.0_TRANSCRIPT_1	ID_3866	0.00	-0.19	1.46	1.49	1.97	1.43
	1.00	LOCUS_22016.0_TRANSCRIPT_1	ID_3952	0.00	-0.24	35.04	30.98	21.95	20.17
	1.00	LOCUS_22652.0_TRANSCRIPT_1	ID_4206	0.00	-0.00	2.78	2.63	3.62	1.75
	1.00	LOCUS_22859.0_TRANSCRIPT_1	ID_4284	0.00	-0.03	0.84	0.77	1.14	0.57
	1.00	LOCUS_23111.0_TRANSCRIPT_1	ID_4388	0.00	-0.20	1.58	0.62	1.60	0.78
	1.00	LOCUS_23517.0_TRANSCRIPT_1	ID_4539	0.00	-0.91	278.15	191.43	265.81	157.66
	1.00	LOCUS_24208.0_TRANSCRIPT_1	ID_4775	0.00	-0.97	3.49	1.55	4.01	1.60
	1.00	LOCUS_24433.0_TRANSCRIPT_1	ID_4849	0.00	-0.55	5.17	3.24	3.06	1.74
	1.00	LOCUS_24620.0_TRANSCRIPT_1	ID_4918	0.00	-0.04	9.71	6.60	5.70	3.24
	1.00	LOCUS_24902.0_TRANSCRIPT_1	ID_5003	0.00	-0.45	3.20	1.58	2.66	0.54
	1.00	LOCUS_25277.0_TRANSCRIPT_1	ID_5125	0.00	-2.69	1.38	0.89	1.21	-0.68
	1.00	LOCUS_25777.0_TRANSCRIPT_1	ID_5312	0.00	-0.05	1.29	1.55	2.33	0.26
	1.00	LOCUS_26104.0_TRANSCRIPT_1	ID_5434	0.00	-0.03	3.56	2.85	4.76	0.49
	1.00	LOCUS_26214.0_TRANSCRIPT_1	ID_5476	0.00	-0.13	0.50	1.85	2.77	-0.08
	1.00	LOCUS_26709.0_TRANSCRIPT_1	ID_5675	0.00	-2.80	6.99	2.01	5.93	0.92
	1.00	LOCUS_26961.0_TRANSCRIPT_1	ID_5776	0.00	-0.01	2.85	2.88	4.34	2.67
	1.00	LOCUS_27197.0_TRANSCRIPT_1	ID_5886	0.00	-0.38	199.06	130.31	119.16	95.21
	1.00	LOCUS_27231.0_TRANSCRIPT_1	ID_5905	0.00	-2.19	13.08	16.47	21.24	7.66
	1.00	LOCUS_27410.0_TRANSCRIPT_1	ID_5993	0.00	-15.20	74.16	141.45	83.82	36.68
	1.00	LOCUS_27758.1_TRANSCRIPT_1	ID_6180	0.00	-3.96	4.55	5.21	3.31	-0.63
	1.00	LOCUS_27778.0_TRANSCRIPT_1	ID_6187	0.00	-0.22	1.34	0.82	1.72	0.77
	1.00	LOCUS_27880.1_TRANSCRIPT_1	ID_6238	0.00	-0.94	379.91	332.08	233.86	11.15
	1.00	LOCUS_27914.0_TRANSCRIPT_1	ID_6253	0.00	-451.86	2,177.10	2,123.97	1,491.84	1,284.56
	1.00	LOCUS_27922.0_TRANSCRIPT_1	ID_6258	0.00	-10.91	24.91	31.03	21.11	2.54
	1.00	LOCUS_28379.0_TRANSCRIPT_1	ID_6455	0.00	-41.62	334.21	451.09	291.85	44.86
	1.00	LOCUS_28589.0_TRANSCRIPT_1	ID_6546	0.00	-0.36	1.29	1.95	1.99	-0.42
	1.00	LOCUS_28892.0_TRANSCRIPT_1	ID_6698	0.00	-0.92	5.01	3.10	4.26	2.43
	1.00	LOCUS_29289.0_TRANSCRIPT_1	ID_6876	0.00	-1.17	0.71	0.02	-0.04	-0.94
	1.00	LOCUS_29623.0_TRANSCRIPT_1	ID_7027	0.00	-0.39	3.86	2.72	3.81	2.59
	1.00	LOCUS_29657.0_TRANSCRIPT_1	ID_7040	0.00	-0.18	1.05	0.53	1.06	0.82
	1.00	LOCUS_29781.0_TRANSCRIPT_1	ID_7105	0.00	-9.16	31.35	44.44	41.39	26.34
	1.00	LOCUS_30274.0_TRANSCRIPT_1	ID_7346	0.00	-0.17	2.48	6.62	4.41	0.34
	1.00	LOCUS_30291.0_TRANSCRIPT_1	ID_7357	0.00	-0.02	28.41	65.23	79.41	23.50
	1.00	LOCUS_30382.0_TRANSCRIPT_1	ID_7402	0.00	-200.76	116.21	143.30	216.90	169.46
	1.00	LOCUS_30593.0_TRANSCRIPT_1	ID_7531	0.00	-0.23	2.86	1.35	2.65	1.95
	1.00	LOCUS_30628.1_TRANSCRIPT_1	ID_7555	0.00	3.60	103.45	89.56	55.13	43.60
	1.00	LOCUS_30852.0_TRANSCRIPT_1	ID_7677	0.00	-0.22	1.05	0.49	0.67	0.27
	1.00	LOCUS_31005.0_TRANSCRIPT_1	ID_7763	0.00	-0.49	9.15	10.83	5.80	2.25
	1.00	LOCUS_31406.0_TRANSCRIPT_1	ID_8011	0.00	0.01	2.53	2.31	2.23	0.75
	1.00	LOCUS_31807.0_TRANSCRIPT_1	ID_8268	0.00	-0.05	1.73	1.95	1.36	0.88
	1.00	LOCUS_31879.0_TRANSCRIPT_1	ID_8306	0.00	-28.67	37.61	0.80	30.52	8.44
	1.00	LOCUS_31937.0_TRANSCRIPT_1	ID_8341	0.00	-0.80	1.44	0.26	1.15	0.57
	1.00	LOCUS_31974.0_TRANSCRIPT_1	ID_8359	0.00	-0.27	1.36	0.97	0.73	0.73
	1.00	LOCUS_32005.0_TRANSCRIPT_1	ID_8380	0.00	-2.49	4.53	6.85	3.12	2.59
	1.00	LOCUS_32023.0_TRANSCRIPT_1	ID_8392	0.00	-0.09	1.26	1.67	1.45	0.83
	1.00	LOCUS_32637.0_TRANSCRIPT_1	ID_8695	0.00	-4.98	14.73	8.79	12.16	11.01
	1.00	LOCUS_32830.0_TRANSCRIPT_1	ID_8816	0.00	-7.21	6.42	2.03	1.86	1.74
	1.00	LOCUS_32854.0_TRANSCRIPT_1	ID_8831	0.00	-0.04	1.00	1.19	1.20	0.36
	1.00	LOCUS_32883.0_TRANSCRIPT_1	ID_8852	0.00	-0.39	0.99	0.45	1.22	0.18
	1.00	LOCUS_32924.0_TRANSCRIPT_1	ID_8879	0.00	-1.22	20.04	22.28	25.61	15.96
	1.00	LOCUS_32997.0_TRANSCRIPT_1	ID_8920	0.00	-5.60	23.08	32.60	17.98	-0.40
	1.00	LOCUS_33000.0_TRANSCRIPT_1	ID_8921	0.00	-0.06	0.70	1.15	0.83	0.18
	1.00	LOCUS_33037.0_TRANSCRIPT_1	ID_8947	0.00	-2.03	0.21	0.90	-0.13	-0.13
	1.00	LOCUS_33130.1_TRANSCRIPT_1	ID_9002	0.00	-0.11	21.21	10.89	15.55	11.18
	1.00	LOCUS_33241.0_TRANSCRIPT_1	ID_9080	0.00	-2.39	12.27	15.49	9.54	3.99
	1.00	LOCUS_33260.0_TRANSCRIPT_1	ID_9095	0.00	0.25	5.89	7.87	7.91	2.48
	1.00	LOCUS_33282.0_TRANSCRIPT_1	ID_9115	0.00	-0.00	23.60	17.50	23.66	11.14
	1.00	LOCUS_33336.0_TRANSCRIPT_1	ID_9150	0.00	-0.76	0.47	0.73	0.14	-0.12
	1.00	LOCUS_33389.0_TRANSCRIPT_1	ID_9188	0.00	-0.36	4.75	3.16	2.63	1.10
	1.00	LOCUS_33454.0_TRANSCRIPT_1	ID_9234	0.00	-0.30	0.81	0.67	0.40	0.34
	1.00	LOCUS_33555.0_TRANSCRIPT_1	ID_9293	0.00	-0.09	1.47	1.26	2.26	0.96
	1.00	LOCUS_33559.0_TRANSCRIPT_1	ID_9296	0.00	-8.18	7.92	-0.73	7.14	-1.33
	1.00	LOCUS_33607.0_TRANSCRIPT_1	ID_9326	0.00	-24.88	33.83	20.41	6.98	1.64
	1.00	LOCUS_33669.1_TRANSCRIPT_1	ID_9370	0.00	-0.02	18.82	28.40	26.54	14.24
	1.00	LOCUS_33706.1_TRANSCRIPT_1	ID_9399	0.00	-0.24	0.60	0.79	1.01	-0.07
	1.00	LOCUS_33743.0_TRANSCRIPT_2	ID_9417	0.00	-0.18	0.65	1.43	2.33	0.27
	1.00	LOCUS_33902.0_TRANSCRIPT_1	ID_9512	0.00	-0.16	1.54	1.45	1.17	1.16
	1.00	LOCUS_33920.0_TRANSCRIPT_1	ID_9524	0.00	0.05	1.00	1.15	0.98	0.56
	1.00	LOCUS_33977.0_TRANSCRIPT_1	ID_9565	0.00	-0.90	0.31	0.34	0.73	0.28
	1.00	LOCUS_34009.0_TRANSCRIPT_1	ID_9582	0.00	-4.36	20.21	11.10	12.58	5.27
	1.00	LOCUS_34035.0_TRANSCRIPT_1	ID_9601	0.00	0.18	3.27	2.39	2.95	0.88
	1.00	LOCUS_34054.0_TRANSCRIPT_1	ID_9618	0.00	-0.03	1.78	0.98	1.45	1.12
	1.00	LOCUS_34157.0_TRANSCRIPT_1	ID_9689	0.00	-0.04	0.85	2.37	2.86	0.40
	1.00	LOCUS_34189.0_TRANSCRIPT_1	ID_9706	0.00	-2.23	5.72	2.59	1.86	1.59
	1.00	LOCUS_34281.0_TRANSCRIPT_1	ID_9761	0.00	-0.01	1.42	1.41	1.74	1.20
	1.00	LOCUS_34302.0_TRANSCRIPT_2	ID_9773	0.00	-1.29	0.99	-0.14	0.56	-0.65
	1.00	LOCUS_34312.0_TRANSCRIPT_1	ID_9780	0.00	0.27	11.91	9.82	8.39	8.34
	1.00	LOCUS_34326.0_TRANSCRIPT_1	ID_9793	0.00	-3.06	0.12	1.63	1.17	0.51
	1.00	LOCUS_34399.0_TRANSCRIPT_1	ID_9843	0.00	-1.64	2.29	2.88	5.45	1.74
	1.00	LOCUS_34440.0_TRANSCRIPT_1	ID_9870	0.00	-0.89	1.85	0.52	0.73	-0.05
	1.00	LOCUS_34452.0_TRANSCRIPT_2	ID_9878	0.00	-0.39	0.37	0.07	0.62	0.21
	1.00	LOCUS_34616.0_TRANSCRIPT_1	ID_9998	0.00	-3.75	7.78	4.71	2.55	1.01
	1.00	LOCUS_34771.0_TRANSCRIPT_1	ID_10103	0.00	-0.04	38.58	42.35	58.81	37.06
	1.00	LOCUS_34776.0_TRANSCRIPT_1	ID_10107	0.00	-1.01	7.31	8.67	4.28	2.99
	1.00	LOCUS_34795.0_TRANSCRIPT_1	ID_10118	0.00	0.25	1.33	1.92	2.09	1.19
	1.00	LOCUS_34807.0_TRANSCRIPT_1	ID_10123	0.00	-0.11	1.16	1.10	1.68	0.49
	1.00	LOCUS_35139.0_TRANSCRIPT_1	ID_10360	0.00	-7.92	31.00	31.21	27.57	16.34
	1.00	LOCUS_35162.0_TRANSCRIPT_1	ID_10370	0.00	-0.38	1.14	1.59	1.32	-0.06
	1.00	LOCUS_35210.0_TRANSCRIPT_1	ID_10403	0.00	-0.20	6.76	5.15	6.99	4.74
	1.00	LOCUS_35234.1_TRANSCRIPT_1	ID_10416	0.00	-0.34	38.83	23.95	25.54	8.99
	1.00	LOCUS_35288.0_TRANSCRIPT_1	ID_10455	0.00	-0.31	3.95	3.46	4.93	2.55
	1.00	LOCUS_35313.2_TRANSCRIPT_1	ID_10469	0.00	-0.18	1.04	0.82	1.16	0.50
	1.00	LOCUS_35327.0_TRANSCRIPT_1	ID_10482	0.00	-0.28	0.76	0.72	0.58	0.25
	1.00	LOCUS_35459.0_TRANSCRIPT_3	ID_10586	0.00	-0.67	5.90	4.28	3.18	2.07
	1.00	LOCUS_35523.0_TRANSCRIPT_1	ID_10629	0.00	-1.27	1.41	0.67	0.33	-0.25
	1.00	LOCUS_35542.0_TRANSCRIPT_1	ID_10641	0.00	-0.08	2.30	2.09	1.85	1.43
	1.00	LOCUS_35568.0_TRANSCRIPT_1	ID_10660	0.00	-0.51	0.83	1.18	0.43	0.34
	1.00	LOCUS_35598.0_TRANSCRIPT_1	ID_10684	0.00	-18.42	70.52	122.16	103.13	46.79
	1.00	LOCUS_35611.0_TRANSCRIPT_1	ID_10696	0.00	-0.39	1.08	1.18	1.41	0.67
	1.00	LOCUS_35634.0_TRANSCRIPT_1	ID_10719	0.00	-0.53	0.51	0.27	0.89	0.60
	1.00	LOCUS_35706.0_TRANSCRIPT_1	ID_10785	0.00	-10.55	20.57	10.96	14.15	13.61
	1.00	LOCUS_35709.0_TRANSCRIPT_1	ID_10788	0.00	-0.01	2.15	2.12	1.55	0.66
	1.00	LOCUS_35969.0_TRANSCRIPT_1	ID_11009	0.00	-0.42	270.06	368.67	255.57	218.36
	1.00	LOCUS_35990.0_TRANSCRIPT_1	ID_11025	0.00	-25.89	194.35	231.70	199.00	160.58
	1.00	LOCUS_36075.0_TRANSCRIPT_1	ID_11097	0.00	-144.80	78.66	158.14	276.69	124.41
	1.00	LOCUS_36122.0_TRANSCRIPT_1	ID_11142	0.00	-0.75	166.54	185.45	214.25	89.73
	1.00	LOCUS_36143.0_TRANSCRIPT_1	ID_11161	0.00	-0.07	0.54	1.37	0.99	0.04
	1.00	LOCUS_36148.0_TRANSCRIPT_1	ID_11163	0.00	-0.36	2.55	1.19	3.20	0.49
	1.00	LOCUS_36252.0_TRANSCRIPT_1	ID_11243	0.00	-0.10	1.03	0.97	0.65	0.44
	1.00	LOCUS_36256.0_TRANSCRIPT_1	ID_11245	0.00	0.16	2.40	2.71	1.93	1.32
	1.00	LOCUS_36256.0_TRANSCRIPT_2	ID_11246	0.00	0.18	2.10	2.77	2.56	2.06
	1.00	LOCUS_36282.0_TRANSCRIPT_1	ID_11263	0.00	-3.67	10.04	21.27	10.57	-0.16
	1.00	LOCUS_36336.0_TRANSCRIPT_1	ID_11309	0.00	-0.67	0.86	0.50	0.81	-0.21
	1.00	LOCUS_36360.0_TRANSCRIPT_1	ID_11334	0.00	-2.34	25.20	13.99	13.47	9.02
	1.00	LOCUS_36530.0_TRANSCRIPT_1	ID_11455	0.00	0.02	1.35	0.97	1.19	0.53
	1.00	LOCUS_36694.0_TRANSCRIPT_1	ID_11581	0.00	-11.00	5.89	2.75	2.97	-4.38
	1.00	LOCUS_36811.0_TRANSCRIPT_1	ID_11680	0.00	-49.83	80.74	132.79	87.84	21.27
	1.00	LOCUS_36835.0_TRANSCRIPT_3	ID_11697	0.00	-0.27	1.30	0.73	0.89	0.86
	1.00	LOCUS_36840.0_TRANSCRIPT_2	ID_11702	0.00	-0.48	80.22	124.15	138.07	44.77
	1.00	LOCUS_36893.0_TRANSCRIPT_2	ID_11741	0.00	-0.09	1.13	0.64	0.89	0.57
	1.00	LOCUS_36939.0_TRANSCRIPT_1	ID_11775	0.00	-2.34	3.88	2.32	3.02	0.81
	1.00	LOCUS_37014.0_TRANSCRIPT_1	ID_11834	0.00	-1.26	0.44	-0.22	0.16	-1.00
	1.00	LOCUS_37078.0_TRANSCRIPT_1	ID_11879	0.00	-44.86	33.19	23.96	32.38	21.21
	1.00	LOCUS_37091.0_TRANSCRIPT_1	ID_11891	0.00	-0.06	1.35	1.42	1.00	0.66
	1.00	LOCUS_37137.0_TRANSCRIPT_1	ID_11927	0.00	-1.71	0.05	0.14	0.37	-0.95
	1.00	LOCUS_37141.0_TRANSCRIPT_1	ID_11928	0.00	-0.10	11.33	9.47	6.16	5.50
	1.00	LOCUS_37180.0_TRANSCRIPT_1	ID_11958	0.00	-0.23	2.30	2.71	3.48	1.21
	1.00	LOCUS_37264.0_TRANSCRIPT_2	ID_12033	0.00	-0.04	1.27	1.08	0.64	0.47
	1.00	LOCUS_37297.0_TRANSCRIPT_1	ID_12059	0.00	-49.86	97.65	122.24	42.98	41.25
	1.00	LOCUS_37538.0_TRANSCRIPT_1	ID_12252	0.00	-1.36	7.02	4.07	3.51	3.22
	1.00	LOCUS_37672.0_TRANSCRIPT_1	ID_12362	0.00	-2.26	1.80	2.09	0.07	-0.82
	1.00	LOCUS_37703.0_TRANSCRIPT_1	ID_12385	0.00	-0.60	1.75	1.63	3.09	0.37
	1.00	LOCUS_37970.0_TRANSCRIPT_3	ID_12598	0.00	-0.06	6.59	5.40	6.51	4.30
	1.00	LOCUS_38006.1_TRANSCRIPT_1	ID_12632	0.00	-0.17	0.29	0.61	1.10	0.26
	1.00	LOCUS_38006.2_TRANSCRIPT_1	ID_12633	0.00	-0.97	0.61	1.73	0.97	0.52
	1.00	LOCUS_38039.0_TRANSCRIPT_1	ID_12660	0.00	-5.48	3.09	2.21	3.73	1.85
	1.00	LOCUS_38055.0_TRANSCRIPT_1	ID_12673	0.00	-1.08	28.87	27.29	22.01	15.80
	1.00	LOCUS_38112.0_TRANSCRIPT_1	ID_12724	0.00	-0.34	2.36	1.54	1.08	0.70
	1.00	LOCUS_38137.0_TRANSCRIPT_1	ID_12741	0.00	-0.09	0.64	1.22	0.64	0.35
	1.00	LOCUS_38220.0_TRANSCRIPT_1	ID_12820	0.00	-4.80	12.52	10.62	11.67	1.67
	1.00	LOCUS_38238.0_TRANSCRIPT_1	ID_12840	0.00	0.46	14.40	10.10	12.81	8.79
	1.00	LOCUS_38315.0_TRANSCRIPT_1	ID_12913	0.00	-13.76	17.98	21.02	26.48	-2.60
	1.00	LOCUS_38318.0_TRANSCRIPT_1	ID_12916	0.00	-0.22	1.58	2.27	1.44	1.36
	1.00	LOCUS_38359.0_TRANSCRIPT_1	ID_12953	0.00	-0.23	6.52	5.21	6.47	1.92
	1.00	LOCUS_38450.0_TRANSCRIPT_1	ID_13024	0.00	-0.52	11.83	5.74	10.08	3.97
	1.00	LOCUS_38521.0_TRANSCRIPT_1	ID_13088	0.00	-3.34	4.48	2.73	3.00	2.20
	1.00	LOCUS_38597.0_TRANSCRIPT_1	ID_13144	0.00	-1.87	1.91	1.70	-0.19	-0.59
	1.00	LOCUS_38706.0_TRANSCRIPT_1	ID_13231	0.00	-3.61	55.83	39.68	35.91	23.91
	1.00	LOCUS_38710.0_TRANSCRIPT_1	ID_13237	0.00	1.13	27.07	19.53	28.60	20.14
	1.00	LOCUS_39073.0_TRANSCRIPT_1	ID_13561	0.00	-9.20	43.55	60.98	35.35	17.43
	1.00	LOCUS_39095.0_TRANSCRIPT_2	ID_13584	0.00	0.25	38.55	30.72	35.76	18.60
	1.00	LOCUS_39112.0_TRANSCRIPT_1	ID_13605	0.00	-3.52	15.08	26.65	29.48	17.00
	1.00	LOCUS_39177.0_TRANSCRIPT_1	ID_13654	0.00	-2.54	5.67	8.10	4.45	3.17
	1.00	LOCUS_39216.0_TRANSCRIPT_1	ID_13693	0.00	-2.45	3.90	5.33	4.48	2.10
	1.00	LOCUS_39284.0_TRANSCRIPT_2	ID_13760	0.00	-0.00	1.28	1.08	0.82	0.67
	1.00	LOCUS_39375.0_TRANSCRIPT_2	ID_13843	0.00	-0.20	0.85	0.39	0.46	0.45
	1.00	LOCUS_39427.0_TRANSCRIPT_1	ID_13894	0.00	-5.90	20.62	9.74	12.22	5.11
	1.00	LOCUS_39452.0_TRANSCRIPT_1	ID_13913	0.00	-1.42	1.76	2.45	1.63	0.36
	1.00	LOCUS_39453.1_TRANSCRIPT_1	ID_13915	0.00	-1.68	8.48	3.91	7.12	6.25
	1.00	LOCUS_39466.0_TRANSCRIPT_1	ID_13924	0.00	-0.56	1.55	1.81	1.51	0.79
	1.00	LOCUS_39645.0_TRANSCRIPT_1	ID_14093	0.00	-0.27	9.21	9.36	12.26	8.49
	1.00	LOCUS_39662.1_TRANSCRIPT_1	ID_14111	0.00	-0.34	1.01	1.57	0.62	0.61
	1.00	LOCUS_39689.0_TRANSCRIPT_1	ID_14134	0.00	-3.27	27.42	34.37	31.25	26.89
	1.00	LOCUS_39732.0_TRANSCRIPT_4	ID_14172	0.00	-0.93	0.99	1.97	1.77	0.54
	1.00	LOCUS_39783.0_TRANSCRIPT_1	ID_14216	0.00	-9.22	87.90	96.26	74.41	72.38
	1.00	LOCUS_39962.1_TRANSCRIPT_1	ID_14370	0.00	-0.03	1.17	0.86	1.22	0.99
	1.00	LOCUS_40060.0_TRANSCRIPT_1	ID_14453	0.00	-5.23	-0.18	1.19	0.54	-0.26
	1.00	LOCUS_40225.0_TRANSCRIPT_1	ID_14607	0.00	-7.08	8.18	6.94	6.84	2.79
	1.00	LOCUS_40313.0_TRANSCRIPT_3	ID_14685	0.00	-1.17	7.15	4.21	3.72	2.83
	1.00	LOCUS_40332.0_TRANSCRIPT_1	ID_14704	0.00	0.09	17.10	8.74	11.98	11.68
	1.00	LOCUS_40364.0_TRANSCRIPT_1	ID_14734	0.00	6.20	56.03	37.83	41.54	38.85
	1.00	LOCUS_40414.0_TRANSCRIPT_3	ID_14783	0.00	-9.86	16.33	7.01	10.74	-1.23
	1.00	LOCUS_40619.3_TRANSCRIPT_2	ID_14990	0.00	-0.01	8.59	5.86	9.49	1.34
	1.00	LOCUS_40671.1_TRANSCRIPT_3	ID_15049	0.00	-1.09	1.48	1.59	0.57	0.41
	1.00	LOCUS_40726.1_TRANSCRIPT_1	ID_15107	0.00	-79.46	291.16	411.34	453.49	-10.44
	1.00	LOCUS_40744.0_TRANSCRIPT_1	ID_15124	0.00	-2.36	4.14	1.17	0.94	0.42
	1.00	LOCUS_40768.1_TRANSCRIPT_1	ID_15145	0.00	0.06	13.30	13.46	13.01	9.99
	1.00	LOCUS_40865.0_TRANSCRIPT_1	ID_15239	0.00	-0.35	5.51	4.88	5.16	3.16
	1.00	LOCUS_40865.2_TRANSCRIPT_1	ID_15240	0.00	-1.15	2.43	2.91	3.97	0.34
	1.00	LOCUS_40924.0_TRANSCRIPT_1	ID_15299	0.00	-1.08	2.56	1.25	1.41	0.44
	1.00	LOCUS_40967.0_TRANSCRIPT_1	ID_15339	0.00	-19.27	358.01	260.03	325.32	166.01
	1.00	LOCUS_40973.0_TRANSCRIPT_4	ID_15344	0.00	-0.36	3.26	1.65	3.12	2.51
	1.00	LOCUS_40980.1_TRANSCRIPT_1	ID_15351	0.00	-0.33	1.10	0.61	1.10	0.99
	1.00	LOCUS_41066.0_TRANSCRIPT_1	ID_15433	0.00	-1.89	4.89	2.80	1.95	-0.45
	1.00	LOCUS_41089.0_TRANSCRIPT_1	ID_15449	0.00	-0.57	8.47	9.00	13.63	7.46
	1.00	LOCUS_41098.0_TRANSCRIPT_1	ID_15453	0.00	-0.06	2.50	2.66	2.23	2.17
	1.00	LOCUS_41199.0_TRANSCRIPT_1	ID_15540	0.00	-0.13	2.91	2.91	2.74	1.25
	1.00	LOCUS_41206.0_TRANSCRIPT_1	ID_15548	0.00	-0.37	12.26	11.25	13.15	7.39
	1.00	LOCUS_41225.0_TRANSCRIPT_1	ID_15563	0.00	-0.68	20.35	17.82	15.34	8.06
	1.00	LOCUS_41226.0_TRANSCRIPT_1	ID_15564	0.00	-12.86	56.59	27.21	27.92	23.52
	1.00	LOCUS_41257.0_TRANSCRIPT_1	ID_15597	0.00	-4.04	17.17	10.15	9.19	7.92
	1.00	LOCUS_41363.2_TRANSCRIPT_1	ID_15696	0.00	-0.23	1.53	1.34	2.78	0.46
	1.00	LOCUS_41389.1_TRANSCRIPT_1	ID_15717	0.00	-0.80	0.36	1.50	0.85	0.02
	1.00	LOCUS_41400.1_TRANSCRIPT_1	ID_15728	0.00	-0.45	0.89	1.34	1.51	0.01
	1.00	LOCUS_41408.0_TRANSCRIPT_12	ID_15734	0.00	0.01	0.36	0.75	1.10	0.44
	1.00	LOCUS_41455.0_TRANSCRIPT_3	ID_15784	0.00	-2.19	3.66	5.23	3.13	2.20
	1.00	LOCUS_41456.0_TRANSCRIPT_1	ID_15785	0.00	0.06	22.67	32.44	24.60	2.36
	1.00	LOCUS_41762.0_TRANSCRIPT_1	ID_16096	0.00	-0.51	58.02	58.51	80.78	30.96
	1.00	LOCUS_41808.0_TRANSCRIPT_1	ID_16141	0.00	-1.05	2.32	0.78	1.40	0.76
	1.00	LOCUS_41821.0_TRANSCRIPT_1	ID_16161	0.00	-0.23	3.88	3.21	1.79	1.65
	1.00	LOCUS_41826.1_TRANSCRIPT_1	ID_16167	0.00	-3.34	16.21	53.44	90.26	11.78
	1.00	LOCUS_41827.0_TRANSCRIPT_1	ID_16168	0.00	-0.45	3.69	6.33	3.41	2.84
	1.00	LOCUS_41831.0_TRANSCRIPT_1	ID_16169	0.00	-2.18	11.92	5.34	9.79	8.71
	1.00	LOCUS_41851.0_TRANSCRIPT_1	ID_16188	0.00	-0.68	1.38	0.83	3.10	0.52
	1.00	LOCUS_41995.0_TRANSCRIPT_1	ID_16323	0.00	-2.44	45.29	93.78	59.50	24.25
	1.00	LOCUS_42050.7_TRANSCRIPT_2	ID_16393	0.00	-0.73	1.43	1.51	0.92	0.79
	1.00	LOCUS_42061.0_TRANSCRIPT_1	ID_16406	0.00	10.16	118.34	97.15	79.56	67.80
	1.00	LOCUS_42110.1_TRANSCRIPT_1	ID_16471	0.00	-0.45	3.03	4.33	3.62	2.79
	1.00	LOCUS_42235.0_TRANSCRIPT_1	ID_16603	0.00	-1.26	19.04	16.71	17.37	12.60
	1.00	LOCUS_42458.0_TRANSCRIPT_1	ID_16840	0.00	-27.76	1.73	-1.13	1.48	-6.17
	1.00	LOCUS_42542.0_TRANSCRIPT_1	ID_16934	0.00	-2.41	5.75	10.28	7.36	5.58
	1.00	LOCUS_42568.1_TRANSCRIPT_1	ID_16960	0.00	-0.76	3.90	3.14	1.97	1.64
	1.00	LOCUS_43013.1_TRANSCRIPT_3	ID_17455	0.00	-0.07	1.44	1.66	1.20	0.80
	1.00	LOCUS_43014.0_TRANSCRIPT_2	ID_17456	0.00	-0.05	2.56	2.83	2.45	1.83
	1.00	LOCUS_43060.3_TRANSCRIPT_8	ID_17516	0.00	-0.03	1.39	1.47	1.69	1.26
	1.00	LOCUS_43079.0_TRANSCRIPT_1	ID_17537	0.00	-331.99	301.55	638.37	575.77	170.48
	1.00	LOCUS_43088.1_TRANSCRIPT_1	ID_17548	0.00	0.11	5.24	3.31	3.45	2.82
	1.00	LOCUS_43146.0_TRANSCRIPT_1	ID_17615	0.00	-0.56	5.17	2.87	3.10	0.05
	1.00	LOCUS_43195.0_TRANSCRIPT_1	ID_17664	0.00	-0.61	3.14	2.38	3.70	1.65
	1.00	LOCUS_43323.0_TRANSCRIPT_1	ID_17797	0.00	-0.65	68.93	47.53	51.48	40.55
	1.00	LOCUS_43347.0_TRANSCRIPT_1	ID_17825	0.00	-12.16	18.83	21.10	9.16	7.02
	1.00	LOCUS_43438.0_TRANSCRIPT_1	ID_17927	0.00	-0.12	7.99	8.48	6.10	3.41
	1.00	LOCUS_43527.0_TRANSCRIPT_1	ID_18028	0.00	-12.78	20.59	13.75	11.31	8.80
	1.00	LOCUS_43551.2_TRANSCRIPT_1	ID_18050	0.00	-1.43	51.12	28.49	37.53	20.96
	1.00	LOCUS_43587.0_TRANSCRIPT_1	ID_18088	0.00	-4.74	5.69	7.49	7.57	6.60
	1.00	LOCUS_43635.0_TRANSCRIPT_3	ID_18148	0.00	-0.51	1.11	0.31	1.36	0.56
	1.00	LOCUS_43678.0_TRANSCRIPT_1	ID_18203	0.00	-0.92	3.90	2.87	7.39	1.87
	1.00	LOCUS_43766.0_TRANSCRIPT_1	ID_18309	0.00	-3.60	16.07	25.67	12.37	4.62
	1.00	LOCUS_43770.1_TRANSCRIPT_1	ID_18313	0.00	-1.28	11.97	9.42	11.08	3.77
	1.00	LOCUS_43790.0_TRANSCRIPT_1	ID_18336	0.00	-1.52	161.63	180.45	282.36	108.80
	1.00	LOCUS_43808.0_TRANSCRIPT_2	ID_18357	0.00	-48.79	33.21	28.11	9.89	8.51
	1.00	LOCUS_43961.0_TRANSCRIPT_1	ID_18522	0.00	-7.52	47.90	79.43	94.35	57.31
	1.00	LOCUS_44105.1_TRANSCRIPT_2	ID_18687	0.00	-0.34	0.48	0.70	0.65	0.60
	1.00	LOCUS_44131.0_TRANSCRIPT_1	ID_18709	0.00	-0.13	1.85	1.78	1.67	0.15
	1.00	LOCUS_44188.1_TRANSCRIPT_1	ID_18778	0.00	0.04	10.18	8.58	8.68	5.82
	1.00	LOCUS_44194.0_TRANSCRIPT_1	ID_18786	0.00	-0.07	10.53	10.19	5.40	2.75
	1.00	LOCUS_44207.0_TRANSCRIPT_1	ID_18803	0.00	-2.41	4.95	9.08	14.14	6.63
	1.00	LOCUS_44220.0_TRANSCRIPT_1	ID_18815	0.00	-0.04	3.49	7.43	10.03	2.93
	1.00	LOCUS_44286.0_TRANSCRIPT_1	ID_18884	0.00	-2.78	15.54	16.08	20.78	7.62
	1.00	LOCUS_44343.1_TRANSCRIPT_2	ID_18963	0.00	-0.12	0.53	0.83	1.24	0.29
	1.00	LOCUS_44377.0_TRANSCRIPT_5	ID_19001	0.00	-0.27	0.75	0.54	0.60	0.27
	1.00	LOCUS_44477.2_TRANSCRIPT_6	ID_19145	0.00	-0.86	0.36	0.59	0.69	0.30
	1.00	LOCUS_44481.0_TRANSCRIPT_3	ID_19149	0.00	-0.49	4.83	5.20	6.97	2.76
	1.00	LOCUS_44489.5_TRANSCRIPT_1	ID_19161	0.00	-63.13	253.81	304.03	223.68	156.39
	1.00	LOCUS_44590.0_TRANSCRIPT_1	ID_19281	0.00	-0.17	2.00	1.20	1.59	0.80
	1.00	LOCUS_44603.0_TRANSCRIPT_1	ID_19299	0.00	-6.42	41.74	57.18	29.86	21.67
	1.00	LOCUS_44674.0_TRANSCRIPT_1	ID_19373	0.00	-0.19	2.38	1.93	1.36	1.30
	1.00	LOCUS_44698.3_TRANSCRIPT_3	ID_19403	0.00	-0.54	1.57	2.26	1.90	1.55
	1.00	LOCUS_44729.0_TRANSCRIPT_1	ID_19435	0.00	0.04	108.62	58.18	94.30	42.61
	1.00	LOCUS_44748.0_TRANSCRIPT_1	ID_19457	0.00	11.26	117.40	178.74	134.05	68.68
	1.00	LOCUS_44756.0_TRANSCRIPT_1	ID_19468	0.00	-107.25	102.52	86.91	74.11	25.32
	1.00	LOCUS_44787.1_TRANSCRIPT_4	ID_19524	0.00	-0.47	1.10	0.71	0.86	0.14
	1.00	LOCUS_44802.1_TRANSCRIPT_2	ID_19547	0.00	-10.34	60.89	49.83	26.43	23.54
	1.00	LOCUS_44812.0_TRANSCRIPT_1	ID_19556	0.00	-32.72	5.11	13.56	28.64	-32.74
	1.00	LOCUS_44928.0_TRANSCRIPT_10	ID_19688	0.00	-0.68	2.76	1.16	1.30	0.68
	1.00	LOCUS_44941.0_TRANSCRIPT_1	ID_19700	0.00	-4.01	5.70	6.32	6.05	-2.63
	1.00	LOCUS_45111.0_TRANSCRIPT_1	ID_19899	0.00	-1.12	0.98	0.57	1.59	0.46
	1.00	LOCUS_45178.0_TRANSCRIPT_1	ID_19981	0.00	-0.59	2.28	2.80	1.74	1.42
	1.00	LOCUS_45209.0_TRANSCRIPT_1	ID_20023	0.00	-0.02	11.15	15.23	13.03	8.65
	1.00	LOCUS_45217.0_TRANSCRIPT_1	ID_20036	0.00	-5.36	109.56	167.25	131.60	116.66
	1.00	LOCUS_45222.0_TRANSCRIPT_1	ID_20041	0.00	-27.12	106.20	139.52	72.04	8.34
	1.00	LOCUS_45265.0_TRANSCRIPT_6	ID_20100	0.00	0.05	15.25	11.66	9.13	5.92
	1.00	LOCUS_45298.0_TRANSCRIPT_1	ID_20134	0.00	-0.60	0.31	0.17	0.98	0.32
	1.00	LOCUS_45314.0_TRANSCRIPT_1	ID_20150	0.00	-2.08	2.39	1.77	0.47	0.10
	1.00	LOCUS_45351.0_TRANSCRIPT_8	ID_20197	0.00	-0.09	1.42	1.19	1.89	1.14
	1.00	LOCUS_45434.0_TRANSCRIPT_1	ID_20306	0.00	-0.94	4.46	1.66	2.87	2.65
	1.00	LOCUS_45499.0_TRANSCRIPT_1	ID_20392	0.00	-1.11	1.27	1.18	2.66	0.20
	1.00	LOCUS_45543.2_TRANSCRIPT_1	ID_20447	0.00	-6.25	49.75	53.39	32.20	6.73
	1.00	LOCUS_45548.0_TRANSCRIPT_1	ID_20458	0.00	-0.60	99.45	113.21	141.26	75.61
	1.00	LOCUS_45599.0_TRANSCRIPT_1	ID_20520	0.00	-1.90	12.08	9.32	16.83	10.68
	1.00	LOCUS_45614.5_TRANSCRIPT_1	ID_20546	0.00	-7.62	9.23	11.41	16.94	12.98
	1.00	LOCUS_45713.0_TRANSCRIPT_1	ID_20650	0.00	-0.23	9.73	9.11	12.89	2.26
	1.00	LOCUS_45741.0_TRANSCRIPT_1	ID_20683	0.00	-0.10	1,409.10	1,453.41	1,179.09	451.29
	1.00	LOCUS_45752.0_TRANSCRIPT_1	ID_20701	0.00	-1.83	27.95	25.95	32.41	14.94
	1.00	LOCUS_45822.0_TRANSCRIPT_1	ID_20788	0.00	-41.29	120.13	110.25	55.63	-5.47
	1.00	LOCUS_45891.0_TRANSCRIPT_4	ID_20890	0.00	-0.15	1.64	1.56	1.13	1.03
	1.00	LOCUS_45892.0_TRANSCRIPT_1	ID_20892	0.00	-15.74	3.02	7.05	7.74	-7.01
	1.00	LOCUS_45896.4_TRANSCRIPT_1	ID_20903	0.00	-37.53	93.15	129.62	48.54	15.89
	1.00	LOCUS_45910.0_TRANSCRIPT_2	ID_20920	0.00	-0.59	0.63	0.33	-0.04	-0.05
	1.00	LOCUS_45941.0_TRANSCRIPT_1	ID_20953	0.00	-88.82	112.53	95.88	16.88	7.96
	1.00	LOCUS_45969.0_TRANSCRIPT_1	ID_20979	0.00	-0.52	56.07	44.23	37.09	33.78
	1.00	LOCUS_46087.0_TRANSCRIPT_1	ID_21120	0.00	0.11	51.31	37.68	41.89	31.00
	1.00	LOCUS_46152.0_TRANSCRIPT_2	ID_21205	0.00	-0.06	4.40	2.16	3.33	2.44
	1.00	LOCUS_46229.1_TRANSCRIPT_1	ID_21316	0.00	-6.21	11.19	1.86	15.44	2.74
	1.00	LOCUS_46247.2_TRANSCRIPT_2	ID_21350	0.00	-0.05	0.46	0.91	0.95	0.27
	1.00	LOCUS_46251.0_TRANSCRIPT_1	ID_21356	0.00	-2.17	0.41	1.96	1.38	0.11
	1.00	LOCUS_46368.1_TRANSCRIPT_1	ID_21514	0.00	-0.12	19.79	27.70	20.81	7.67
	1.00	LOCUS_46377.1_TRANSCRIPT_3	ID_21525	0.00	-0.39	1.61	0.82	1.24	0.30
	1.00	LOCUS_46562.1_TRANSCRIPT_1	ID_21789	0.00	-0.17	32.91	27.13	35.67	21.53
	1.00	LOCUS_46637.0_TRANSCRIPT_1	ID_21888	0.00	-2.33	24.19	14.72	22.63	13.92
	1.00	LOCUS_46639.0_TRANSCRIPT_1	ID_21891	0.00	-0.01	12.53	12.76	6.58	5.69
	1.00	LOCUS_46646.0_TRANSCRIPT_1	ID_21899	0.00	-0.03	1.55	0.97	0.88	0.34
	1.00	LOCUS_46679.0_TRANSCRIPT_3	ID_21940	0.00	-0.32	1.15	1.07	0.76	0.61
	1.00	LOCUS_46720.0_TRANSCRIPT_2	ID_22009	0.00	0.01	1.01	0.78	0.78	0.15
	1.00	LOCUS_46723.0_TRANSCRIPT_8	ID_22012	0.00	-0.04	37.58	20.07	31.35	12.60
	1.00	LOCUS_46723.3_TRANSCRIPT_1	ID_22015	0.00	-0.00	151.33	86.87	111.87	51.25
	1.00	LOCUS_46783.0_TRANSCRIPT_1	ID_22093	0.00	-1.15	1.52	1.44	1.05	0.05
	1.00	LOCUS_46811.0_TRANSCRIPT_1	ID_22130	0.00	0.89	16.40	15.08	15.14	6.70
	1.00	LOCUS_46811.0_TRANSCRIPT_2	ID_22131	0.00	-0.01	7.77	5.39	8.36	4.06
	1.00	LOCUS_46846.0_TRANSCRIPT_1	ID_22176	0.00	-0.21	46.61	38.90	78.51	4.42
	1.00	LOCUS_46882.0_TRANSCRIPT_1	ID_22229	0.00	-10.86	13.22	2.55	3.29	-2.28
	1.00	LOCUS_46895.0_TRANSCRIPT_1	ID_22256	0.00	-1.13	-0.24	0.59	0.41	-0.04
	1.00	LOCUS_46953.0_TRANSCRIPT_1	ID_22339	0.00	-218.45	616.68	369.96	366.53	167.22
	1.00	LOCUS_47023.0_TRANSCRIPT_3	ID_22433	0.00	-1.07	2.05	0.56	1.07	0.83
	1.00	LOCUS_47033.0_TRANSCRIPT_5	ID_22449	0.00	-0.17	2.17	1.57	1.90	1.27
	1.00	LOCUS_47036.6_TRANSCRIPT_3	ID_22452	0.00	-0.04	7.14	4.80	6.21	2.35
	1.00	LOCUS_47230.0_TRANSCRIPT_4	ID_22713	0.00	-3.01	2.33	3.08	0.56	-1.29
	1.00	LOCUS_47369.0_TRANSCRIPT_1	ID_22889	0.00	-6.76	24.77	19.96	27.66	15.74
	1.00	LOCUS_47422.0_TRANSCRIPT_24	ID_22961	0.00	-0.22	1.38	0.83	1.22	0.48
	1.00	LOCUS_47428.0_TRANSCRIPT_5	ID_22968	0.00	0.03	1.35	0.84	1.03	0.48
	1.00	LOCUS_47441.0_TRANSCRIPT_1	ID_22995	0.00	-0.94	0.40	0.78	1.00	0.86
	1.00	LOCUS_47468.0_TRANSCRIPT_1	ID_23039	0.00	-14.05	19.56	18.54	21.87	9.91
	1.00	LOCUS_47497.0_TRANSCRIPT_1	ID_23088	0.00	-18.73	645.76	444.67	511.17	367.63
	1.00	LOCUS_47544.0_TRANSCRIPT_1	ID_23154	0.00	-0.23	13.52	9.73	7.27	7.26
	1.00	LOCUS_47558.0_TRANSCRIPT_2	ID_23182	0.00	-0.54	1.57	1.77	1.01	0.60
	1.00	LOCUS_47582.1_TRANSCRIPT_1	ID_23219	0.00	-4.26	2.97	2.93	-0.13	-0.45
	1.00	LOCUS_47604.0_TRANSCRIPT_1	ID_23242	0.00	-3.84	47.40	61.77	81.61	28.78
	1.00	LOCUS_47622.1_TRANSCRIPT_10	ID_23269	0.00	-1.23	19.11	19.30	27.28	10.57
	1.00	LOCUS_47622.1_TRANSCRIPT_12	ID_23270	0.00	-0.12	3.16	2.38	3.75	2.28
	1.00	LOCUS_47622.1_TRANSCRIPT_5	ID_23272	0.00	-0.79	25.35	18.53	21.99	12.63
	1.00	LOCUS_47689.0_TRANSCRIPT_1	ID_23356	0.00	-0.05	27.67	19.26	17.01	7.96
	1.00	LOCUS_47690.0_TRANSCRIPT_1	ID_23357	0.00	-0.22	1.85	0.77	1.53	0.96
	1.00	LOCUS_47790.1_TRANSCRIPT_1	ID_23477	0.00	-0.30	2.15	2.70	3.60	2.18
	1.00	LOCUS_47807.0_TRANSCRIPT_2	ID_23497	0.00	0.05	2.36	4.12	3.66	2.37
	1.00	LOCUS_47812.0_TRANSCRIPT_1	ID_23505	0.00	-15.79	34.37	41.92	51.56	27.29
	1.00	LOCUS_47827.0_TRANSCRIPT_9	ID_23527	0.00	-0.66	0.75	0.05	0.45	0.04
	1.00	LOCUS_47863.0_TRANSCRIPT_4	ID_23571	0.00	-8.54	163.09	185.52	130.68	121.91
	1.00	LOCUS_47867.0_TRANSCRIPT_4	ID_23580	0.00	-9.17	13.12	4.33	9.06	4.32
	1.00	LOCUS_47875.1_TRANSCRIPT_5	ID_23590	0.00	-0.06	1.00	1.68	1.37	0.75
	1.00	LOCUS_47878.2_TRANSCRIPT_1	ID_23594	0.00	-0.02	28.62	18.61	15.10	13.36
	1.00	LOCUS_47979.1_TRANSCRIPT_1	ID_23747	0.00	-0.30	2.86	1.91	3.75	0.86
	1.00	LOCUS_47999.0_TRANSCRIPT_1	ID_23769	0.00	0.07	3.34	3.20	3.13	2.06
	1.00	LOCUS_48012.4_TRANSCRIPT_1	ID_23785	0.00	-1.05	45.05	59.45	66.29	33.77
	1.00	LOCUS_48116.6_TRANSCRIPT_2	ID_23918	0.00	0.08	1.70	1.77	2.27	1.26
	1.00	LOCUS_48141.0_TRANSCRIPT_1	ID_23953	0.00	-0.48	24.27	28.44	22.63	16.69
	1.00	LOCUS_48161.0_TRANSCRIPT_3	ID_23978	0.00	-0.37	0.93	1.66	1.03	0.35
	1.00	LOCUS_48202.0_TRANSCRIPT_1	ID_24033	0.00	-25.26	39.80	8.70	31.49	-14.01
	1.00	LOCUS_48219.0_TRANSCRIPT_1	ID_24055	0.00	-0.35	3.26	2.58	1.64	0.90
	1.00	LOCUS_48235.0_TRANSCRIPT_1	ID_24080	0.00	-0.09	2.46	3.31	1.88	1.21
	1.00	LOCUS_48235.1_TRANSCRIPT_2	ID_24082	0.00	-0.23	3.07	3.47	3.37	2.41
	1.00	LOCUS_48274.1_TRANSCRIPT_8	ID_24154	0.00	-5.46	-0.98	-0.38	2.82	-2.32
	1.00	LOCUS_48296.0_TRANSCRIPT_2	ID_24181	0.00	-0.14	2.59	3.07	5.13	2.14
	1.00	LOCUS_48304.0_TRANSCRIPT_1	ID_24193	0.00	0.02	17.28	9.93	11.54	11.33
	1.00	LOCUS_48418.2_TRANSCRIPT_3	ID_24347	0.00	-1.56	0.70	-0.06	0.29	-0.03
	1.00	LOCUS_48497.0_TRANSCRIPT_1	ID_24452	0.00	-0.26	8.39	10.52	6.89	4.02
	1.00	LOCUS_48615.0_TRANSCRIPT_3	ID_24617	0.00	-8.47	3.81	-0.38	3.77	0.86
	1.00	LOCUS_48653.0_TRANSCRIPT_1	ID_24672	0.00	-8.14	5.44	2.33	11.23	1.38
	1.00	LOCUS_48718.0_TRANSCRIPT_1	ID_24777	0.00	-0.60	0.85	0.13	0.44	0.26
	1.00	LOCUS_48803.0_TRANSCRIPT_1	ID_24891	0.00	-6.24	1.86	2.22	4.35	-0.68
	1.00	LOCUS_48805.1_TRANSCRIPT_1	ID_24896	0.00	-3.17	2.34	3.66	1.39	0.90
	1.00	LOCUS_48882.0_TRANSCRIPT_11	ID_24990	0.00	-1.41	1.88	0.93	0.40	0.38
	1.00	LOCUS_48914.1_TRANSCRIPT_2	ID_25029	0.00	-0.06	38.28	38.91	46.70	30.76
	1.00	LOCUS_48929.1_TRANSCRIPT_5	ID_25056	0.00	0.12	1.37	1.13	1.44	0.67
	1.00	LOCUS_48940.0_TRANSCRIPT_1	ID_25068	0.00	-10.28	32.37	16.09	20.27	10.67
	1.00	LOCUS_48967.1_TRANSCRIPT_6	ID_25111	0.00	-10.74	60.92	69.13	52.00	26.03
	1.00	LOCUS_49057.0_TRANSCRIPT_2	ID_25229	0.00	-0.97	1.67	1.50	3.83	0.11
	1.00	LOCUS_49124.1_TRANSCRIPT_1	ID_25315	0.00	-0.20	10.94	6.16	7.47	6.59
	1.00	LOCUS_49182.0_TRANSCRIPT_15	ID_25397	0.00	-0.04	1.08	1.89	1.54	0.88
	1.00	LOCUS_49216.1_TRANSCRIPT_1	ID_25464	0.00	-0.65	3.26	2.53	1.66	1.38
	1.00	LOCUS_49221.2_TRANSCRIPT_15	ID_25475	0.00	-5.89	25.20	10.78	14.37	12.91
	1.00	LOCUS_49225.0_TRANSCRIPT_1	ID_25480	0.00	-7.04	46.98	29.90	35.74	22.14
	1.00	LOCUS_49227.3_TRANSCRIPT_1	ID_25486	0.00	-226.69	-17.42	60.27	51.11	-206.04
	1.00	LOCUS_49238.4_TRANSCRIPT_1	ID_25501	0.00	-0.62	9.28	11.19	10.89	4.56
	1.00	LOCUS_49259.1_TRANSCRIPT_1	ID_25529	0.00	-4.09	42.87	30.78	26.65	21.89
	1.00	LOCUS_49308.0_TRANSCRIPT_1	ID_25606	0.00	-0.60	140.83	98.13	122.86	40.15
	1.00	LOCUS_49374.0_TRANSCRIPT_1	ID_25727	0.00	-0.28	1.80	1.62	1.09	0.73
	1.00	LOCUS_49379.0_TRANSCRIPT_2	ID_25732	0.00	-0.55	0.37	0.19	0.56	-0.28
	1.00	LOCUS_49460.0_TRANSCRIPT_21	ID_25836	0.00	-1.15	42.63	41.39	32.41	28.88
	1.00	LOCUS_49483.0_TRANSCRIPT_4	ID_25862	0.00	-3.72	12.90	5.52	8.79	4.05
	1.00	LOCUS_49632.0_TRANSCRIPT_1	ID_26056	0.00	-2.12	4.07	2.38	3.76	2.56
	1.00	LOCUS_49739.0_TRANSCRIPT_1	ID_26181	0.00	-1.01	4.99	4.82	6.88	4.07
	1.00	LOCUS_49755.0_TRANSCRIPT_1	ID_26194	0.00	-11.12	83.75	55.53	48.23	41.37
	1.00	LOCUS_49878.0_TRANSCRIPT_3	ID_26382	0.00	-1.51	0.96	0.08	0.75	0.08
	1.00	LOCUS_49904.4_TRANSCRIPT_2	ID_26420	0.00	-5.83	37.53	43.78	32.75	16.51
	1.00	LOCUS_49929.2_TRANSCRIPT_1	ID_26466	0.00	-10.05	20.59	7.13	30.78	7.94
	1.00	LOCUS_49936.1_TRANSCRIPT_1	ID_26475	0.00	-0.38	5.46	6.71	12.87	1.20
	1.00	LOCUS_49943.0_TRANSCRIPT_1	ID_26489	0.00	-0.86	3.47	1.60	1.92	1.01
	1.00	LOCUS_49964.0_TRANSCRIPT_2	ID_26520	0.00	-0.30	0.37	0.79	0.42	0.37
	1.00	LOCUS_50061.0_TRANSCRIPT_1	ID_26665	0.00	-0.49	0.61	0.86	1.55	0.58
	1.00	LOCUS_50117.0_TRANSCRIPT_9	ID_26729	0.00	-2.12	29.24	20.42	31.55	4.58
	1.00	LOCUS_50125.3_TRANSCRIPT_1	ID_26744	0.00	-162.13	98.26	0.72	20.10	-109.56
	1.00	LOCUS_50163.1_TRANSCRIPT_1	ID_26793	0.00	-5.76	1,256.73	1,529.23	837.83	756.49
	1.00	LOCUS_50183.1_TRANSCRIPT_3	ID_26832	0.00	-23.98	11.48	13.29	0.44	-19.41
	1.00	LOCUS_50193.1_TRANSCRIPT_2	ID_26849	0.00	-1.35	5.54	3.96	7.49	4.61
	1.00	LOCUS_50219.0_TRANSCRIPT_2	ID_26884	0.00	-0.01	39.43	64.05	40.73	28.66
	1.00	LOCUS_50247.0_TRANSCRIPT_1	ID_26938	0.00	-5.34	69.62	68.23	113.30	60.83
	1.00	LOCUS_50247.2_TRANSCRIPT_2	ID_26942	0.00	0.48	18.71	20.47	11.76	8.55
	1.00	LOCUS_50281.0_TRANSCRIPT_1	ID_26997	0.00	-10.72	12.99	10.90	24.73	8.38
	1.00	LOCUS_50318.2_TRANSCRIPT_1	ID_27051	0.00	-1.01	0.71	0.08	0.22	-0.54
	1.00	LOCUS_50406.0_TRANSCRIPT_1	ID_27196	0.00	-15.24	32.34	17.95	10.45	10.44
	1.00	LOCUS_50457.0_TRANSCRIPT_2	ID_27261	0.00	-1.74	6.94	4.09	3.72	3.00
	1.00	LOCUS_50501.0_TRANSCRIPT_1	ID_27333	0.00	-46.66	53.91	29.76	89.42	18.04
	1.00	LOCUS_50560.0_TRANSCRIPT_7	ID_27405	0.00	-0.66	4.06	3.11	6.36	2.28
	1.00	LOCUS_50632.0_TRANSCRIPT_1	ID_27522	0.00	-3.44	6.87	1.69	2.61	1.34
	1.00	LOCUS_50647.0_TRANSCRIPT_1	ID_27542	0.00	0.28	170.94	120.38	116.09	61.32
	1.00	LOCUS_50747.1_TRANSCRIPT_6	ID_27663	0.00	-0.27	5.44	5.81	3.18	2.41
	1.00	LOCUS_50797.1_TRANSCRIPT_1	ID_27730	0.00	-5.90	11.60	21.33	30.40	9.85
	1.00	LOCUS_50849.0_TRANSCRIPT_3	ID_27813	0.00	-0.10	1.53	0.88	1.01	0.55
	1.00	LOCUS_50857.1_TRANSCRIPT_5	ID_27825	0.00	-0.20	59.79	48.79	48.84	20.62
	1.00	LOCUS_50915.1_TRANSCRIPT_3	ID_27912	0.00	-3.05	12.19	22.21	10.93	6.27
	1.00	LOCUS_50940.2_TRANSCRIPT_2	ID_27950	0.00	0.03	8.68	6.17	5.86	4.87
	1.00	LOCUS_50998.0_TRANSCRIPT_3	ID_28013	0.00	-0.31	1.25	1.03	0.91	0.86
	1.00	LOCUS_51012.0_TRANSCRIPT_1	ID_28033	0.00	-0.66	2.07	1.16	1.88	1.22
	1.00	LOCUS_51029.2_TRANSCRIPT_1	ID_28055	0.00	0.60	1.69	4.60	4.67	-0.13
	1.00	LOCUS_51031.1_TRANSCRIPT_4	ID_28060	0.00	0.07	3.10	2.11	2.40	1.55
	1.00	LOCUS_51053.1_TRANSCRIPT_1	ID_28082	0.00	-10.85	16.05	35.26	17.23	13.95
	1.00	LOCUS_51057.1_TRANSCRIPT_1	ID_28093	0.00	-1.22	12.30	17.59	25.00	12.12
	1.00	LOCUS_51066.0_TRANSCRIPT_2	ID_28103	0.00	-2.00	2.69	2.58	0.35	-0.61
	1.00	LOCUS_51081.0_TRANSCRIPT_1	ID_28125	0.00	-0.48	2.58	1.59	1.53	0.68
	1.00	LOCUS_51087.2_TRANSCRIPT_1	ID_28137	0.00	-56.32	35.43	11.30	19.39	2.45
	1.00	LOCUS_51098.0_TRANSCRIPT_1	ID_28148	0.00	-0.11	2.19	3.58	5.03	1.96
	1.00	LOCUS_51117.0_TRANSCRIPT_3	ID_28175	0.00	-0.13	0.95	1.86	1.95	0.90
	1.00	LOCUS_51121.0_TRANSCRIPT_2	ID_28186	0.00	-0.09	1.36	0.89	1.23	0.41
	1.00	LOCUS_51196.1_TRANSCRIPT_8	ID_28293	0.00	-1.92	2.07	1.69	1.09	0.51
	1.00	LOCUS_51209.0_TRANSCRIPT_1	ID_28313	0.00	-9.32	3.97	7.20	5.29	2.75
	1.00	LOCUS_51273.0_TRANSCRIPT_1	ID_28388	0.00	-0.11	0.64	1.04	0.76	0.31
	1.00	LOCUS_51285.0_TRANSCRIPT_1	ID_28402	0.00	-4.12	5.99	1.58	1.64	-1.35
	1.00	LOCUS_51405.1_TRANSCRIPT_2	ID_28543	0.00	-2.67	7.40	8.85	8.84	3.07
	1.00	LOCUS_51566.0_TRANSCRIPT_1	ID_28703	0.00	0.04	6.18	5.96	4.92	3.38
	1.00	LOCUS_51604.0_TRANSCRIPT_1	ID_28737	0.00	-2.02	9.58	8.86	5.95	4.44
	1.00	LOCUS_51658.0_TRANSCRIPT_1	ID_28774	0.00	-1.25	5.92	3.15	4.72	2.56
	1.00	LOCUS_51713.0_TRANSCRIPT_1	ID_28809	0.00	-0.03	1.77	2.69	2.28	0.75
	1.00	LOCUS_51770.0_TRANSCRIPT_1	ID_28840	0.00	-0.57	2.78	1.08	2.41	1.06
	1.00	LOCUS_51798.0_TRANSCRIPT_1	ID_28857	0.00	-0.03	1.14	0.55	0.91	0.68
	1.00	LOCUS_51904.0_TRANSCRIPT_1	ID_28906	0.00	-0.39	0.56	0.28	0.72	0.09
	1.00	LOCUS_51974.0_TRANSCRIPT_1	ID_28940	0.00	-0.05	0.99	0.53	0.70	0.53
	1.00	LOCUS_53023.0_TRANSCRIPT_1	ID_29351	0.00	-0.11	0.73	0.99	0.88	0.58
	1.00	LOCUS_55313.0_TRANSCRIPT_1	ID_30084	0.00	-0.14	0.85	0.59	1.08	0.59
	1.00	LOCUS_9827.0_TRANSCRIPT_1	ID_33163	0.00	-0.04	3.71	3.21	5.34	1.96
	1.00	LOCUS_10167.0_TRANSCRIPT_1	ID_33252	0.00	-0.04	1.21	1.12	1.24	0.82
	1.00	LOCUS_11032.0_TRANSCRIPT_1	ID_33282	0.00	-0.03	0.85	0.97	0.86	0.02
	1.00	LOCUS_12055.0_TRANSCRIPT_1	ID_33331	0.00	-0.02	1.02	0.60	0.83	0.64
	1.00	LOCUS_15824.0_TRANSCRIPT_1	ID_33475	0.00	-0.32	0.55	0.91	0.45	0.21
	1.00	LOCUS_21030.0_TRANSCRIPT_1	ID_33690	0.00	0.01	4.18	3.04	3.19	2.44
	1.00	LOCUS_24047.0_TRANSCRIPT_1	ID_33808	0.00	0.13	1.29	0.88	0.94	0.44
	1.00	LOCUS_26849.0_TRANSCRIPT_1	ID_33897	0.00	-0.21	1.23	1.13	1.54	0.59
	1.00	LOCUS_27690.1_TRANSCRIPT_1	ID_33929	0.00	-0.06	2.44	1.59	1.49	0.50
	1.00	LOCUS_31575.0_TRANSCRIPT_1	ID_34093	0.00	-0.10	4.48	2.70	4.40	2.49
	1.00	LOCUS_32345.0_TRANSCRIPT_1	ID_34132	0.00	-0.02	0.90	1.20	1.06	0.05
	1.00	LOCUS_35216.0_TRANSCRIPT_1	ID_34291	0.00	-0.10	4.82	7.39	8.54	4.66
	1.00	LOCUS_36713.0_TRANSCRIPT_1	ID_34380	0.00	0.01	1.49	3.41	4.37	1.70
	1.00	LOCUS_36957.0_TRANSCRIPT_1	ID_34398	0.00	-0.08	1.08	0.96	0.83	0.78
	1.00	LOCUS_37979.0_TRANSCRIPT_1	ID_34452	0.00	-0.06	3.25	2.85	2.60	0.54
	1.00	LOCUS_38079.0_TRANSCRIPT_1	ID_34458	0.00	-0.05	3.34	2.40	1.90	1.50
	1.00	LOCUS_38262.0_TRANSCRIPT_1	ID_34472	0.00	-0.08	6.36	3.52	6.83	2.45
	1.00	LOCUS_39735.1_TRANSCRIPT_1	ID_34594	0.00	-0.14	0.73	1.15	1.37	0.65
	1.00	LOCUS_41063.0_TRANSCRIPT_1	ID_34688	0.00	0.17	2.08	1.55	1.27	1.10
	1.00	LOCUS_42158.0_TRANSCRIPT_1	ID_34758	0.00	0.02	3.46	3.04	4.10	2.08
	1.00	LOCUS_43873.2_TRANSCRIPT_5	ID_34893	0.00	-0.04	2.85	2.40	4.23	1.52
	1.00	LOCUS_50104.0_TRANSCRIPT_1	ID_35550	0.00	-0.02	4.75	3.59	4.20	2.96
	1.00	LOCUS_50425.2_TRANSCRIPT_1	ID_35593	0.00	-0.04	4.08	8.59	10.66	4.55
	1.00	LOCUS_51755.0_TRANSCRIPT_1	ID_35736	0.00	-0.04	0.90	1.92	2.42	-0.04
	1.00	LOCUS_11852.0_TRANSCRIPT_1	ID_36658	0.00	0.03	1.02	0.95	0.78	0.25
	1.00	LOCUS_11949.0_TRANSCRIPT_1	ID_36664	0.00	0.04	4.91	3.58	4.71	2.44
	1.00	LOCUS_27036.1_TRANSCRIPT_2	ID_37162	0.00	0.08	1.32	0.89	0.80	0.80
	1.00	LOCUS_31069.0_TRANSCRIPT_1	ID_37304	0.00	0.06	1.69	3.07	3.48	0.69
	1.00	LOCUS_31440.0_TRANSCRIPT_1	ID_37316	0.00	0.04	2.45	3.63	3.18	1.78
	1.00	LOCUS_33461.0_TRANSCRIPT_1	ID_37405	0.00	0.05	2.83	3.37	4.87	0.42
	1.00	LOCUS_33512.0_TRANSCRIPT_1	ID_37408	0.00	0.06	0.99	1.12	0.62	0.43
	1.00	LOCUS_34441.0_TRANSCRIPT_1	ID_37442	0.00	0.09	2.85	2.52	2.90	0.54
	1.00	LOCUS_41363.0_TRANSCRIPT_1	ID_37701	0.00	0.09	5.06	2.67	4.66	2.00
	1.00	LOCUS_41363.1_TRANSCRIPT_1	ID_37702	0.00	0.05	2.23	1.80	2.55	1.09
	1.00	LOCUS_46107.0_TRANSCRIPT_2	ID_37932	0.00	0.04	1.26	1.26	1.14	1.08
	1.00	LOCUS_48825.1_TRANSCRIPT_2	ID_38097	0.00	0.04	2.90	2.31	2.16	1.75
	1.00	LOCUS_50855.0_TRANSCRIPT_3	ID_38234	0.00	0.06	5.64	9.88	15.05	2.58
	1.00	LOCUS_51700.0_TRANSCRIPT_1	ID_38294	0.00	0.06	2.30	2.58	4.18	0.56
	1.00	LOCUS_10133.0_TRANSCRIPT_1	ID_39139	0.00	0.06	4.26	4.13	5.46	1.10
	1.00	LOCUS_10139.0_TRANSCRIPT_1	ID_39140	0.00	0.06	1.46	3.23	2.67	0.94
	1.00	LOCUS_14719.0_TRANSCRIPT_1	ID_39208	0.00	0.04	1.16	0.80	0.68	0.30
	1.00	LOCUS_24308.0_TRANSCRIPT_1	ID_39357	0.00	0.05	1.00	1.29	1.00	0.42
	1.00	LOCUS_31225.0_TRANSCRIPT_1	ID_39461	0.00	0.04	5.60	9.43	9.44	5.13
	1.00	LOCUS_46658.0_TRANSCRIPT_1	ID_39841	0.00	0.05	2.45	1.76	2.13	1.79
	1.00	LOCUS_10062.0_TRANSCRIPT_1	ID_40431	0.00	0.00	1.12	2.80	2.53	0.28
	1.00	LOCUS_10154.0_TRANSCRIPT_1	ID_40439	0.00	0.00	2.57	2.24	4.18	0.62
	1.00	LOCUS_10364.0_TRANSCRIPT_1	ID_40462	0.00	0.00	0.59	0.81	1.48	0.05
	1.00	LOCUS_10881.0_TRANSCRIPT_1	ID_40527	0.00	0.00	1.16	0.76	0.90	0.13
	1.00	LOCUS_12366.0_TRANSCRIPT_1	ID_40747	0.00	0.00	1.64	1.07	1.09	0.74
	1.00	LOCUS_12638.0_TRANSCRIPT_1	ID_40764	0.00	0.00	6.67	10.86	9.81	6.42
	1.00	LOCUS_12872.0_TRANSCRIPT_1	ID_40775	0.00	0.00	2.43	4.17	3.04	0.53
	1.00	LOCUS_14835.0_TRANSCRIPT_1	ID_41001	0.00	0.00	0.44	1.36	2.16	0.05
	1.00	LOCUS_14882.0_TRANSCRIPT_1	ID_41011	0.00	0.00	10.91	23.69	21.98	8.11
	1.00	LOCUS_21693.0_TRANSCRIPT_1	ID_41903	0.00	0.00	1.11	1.70	1.48	1.15
	1.00	LOCUS_24752.0_TRANSCRIPT_1	ID_42321	0.00	0.00	1.21	0.87	0.68	0.49
	1.00	LOCUS_25247.0_TRANSCRIPT_1	ID_42359	0.00	0.00	1.33	2.34	2.90	0.38
	1.00	LOCUS_25284.0_TRANSCRIPT_1	ID_42363	0.00	0.00	1.53	2.78	4.40	0.89
	1.00	LOCUS_26418.0_TRANSCRIPT_1	ID_42468	0.00	0.00	1.89	3.82	3.31	0.56
	1.00	LOCUS_29093.0_TRANSCRIPT_1	ID_42755	0.00	0.00	1.20	1.26	1.38	0.56
	1.00	LOCUS_30424.0_TRANSCRIPT_1	ID_42908	0.00	0.00	4.36	3.34	4.31	1.73
	1.00	LOCUS_30744.0_TRANSCRIPT_1	ID_42942	0.00	0.00	0.89	1.06	0.97	0.23
	1.00	LOCUS_31051.0_TRANSCRIPT_1	ID_42984	0.00	0.00	2.57	2.03	2.03	0.97
	1.00	LOCUS_31807.1_TRANSCRIPT_1	ID_43072	0.00	0.00	3.50	4.32	2.93	1.45
	1.00	LOCUS_31865.0_TRANSCRIPT_1	ID_43085	0.00	0.00	3.45	2.82	2.35	0.54
	1.00	LOCUS_32653.0_TRANSCRIPT_1	ID_43205	0.00	0.00	0.68	0.78	1.08	0.57
	1.00	LOCUS_32799.0_TRANSCRIPT_1	ID_43224	0.00	0.00	1.18	1.06	0.77	0.33
	1.00	LOCUS_32994.0_TRANSCRIPT_1	ID_43248	0.00	0.00	0.79	1.23	0.73	0.39
	1.00	LOCUS_33946.0_TRANSCRIPT_1	ID_43377	0.00	0.00	1.13	1.32	1.59	0.67
	1.00	LOCUS_34028.0_TRANSCRIPT_1	ID_43388	0.00	0.00	1.92	3.16	2.27	1.78
	1.00	LOCUS_34422.0_TRANSCRIPT_1	ID_43428	0.00	0.00	3.35	5.30	8.34	2.19
	1.00	LOCUS_37726.0_TRANSCRIPT_1	ID_43850	0.00	0.00	3.60	3.61	2.84	2.35
	1.00	LOCUS_37726.0_TRANSCRIPT_2	ID_43851	0.00	0.00	1.20	0.90	1.66	0.24
	1.00	LOCUS_37848.0_TRANSCRIPT_3	ID_43863	0.00	0.00	1.78	1.40	1.43	0.86
	1.00	LOCUS_38877.0_TRANSCRIPT_1	ID_44014	0.00	0.00	0.91	1.27	0.70	0.46
	1.00	LOCUS_40261.0_TRANSCRIPT_1	ID_44228	0.00	0.00	0.76	0.87	1.08	0.71
	1.00	LOCUS_40817.0_TRANSCRIPT_1	ID_44309	0.00	0.00	2.44	2.66	2.67	1.34
	1.00	LOCUS_44056.0_TRANSCRIPT_3	ID_44811	0.00	0.00	0.82	0.63	1.00	0.28
	1.00	LOCUS_44314.1_TRANSCRIPT_1	ID_44839	0.00	0.00	10.68	10.91	17.70	5.56
	1.00	LOCUS_44476.1_TRANSCRIPT_1	ID_44868	0.00	0.00	0.78	1.60	2.51	0.63
	1.00	LOCUS_44680.0_TRANSCRIPT_1	ID_44901	0.00	0.00	1.07	0.89	0.63	0.24
	1.00	LOCUS_44822.0_TRANSCRIPT_1	ID_44924	0.00	0.00	3.56	5.41	3.99	2.37
	1.00	LOCUS_45723.0_TRANSCRIPT_1	ID_45090	0.00	0.00	1.50	2.60	1.50	0.52
	1.00	LOCUS_47131.0_TRANSCRIPT_1	ID_45352	0.00	0.00	1.11	1.48	1.13	0.67
	1.00	LOCUS_48498.0_TRANSCRIPT_1	ID_45666	0.00	0.00	1.52	5.47	7.75	0.31
	1.00	LOCUS_48659.0_TRANSCRIPT_3	ID_45704	0.00	0.00	1.18	1.06	0.63	0.37
	1.00	LOCUS_49377.0_TRANSCRIPT_4	ID_45867	0.00	0.00	1.21	0.72	0.77	0.46
	1.00	LOCUS_50357.0_TRANSCRIPT_4	ID_46084	0.00	0.00	0.57	0.97	1.11	0.56
	1.00	LOCUS_50911.4_TRANSCRIPT_2	ID_46214	0.00	0.00	4.89	5.11	3.68	2.41
	1.00	LOCUS_51098.1_TRANSCRIPT_1	ID_46271	0.00	0.00	1.26	2.10	3.10	0.86
	1.00	LOCUS_51352.0_TRANSCRIPT_3	ID_46329	0.00	0.00	1.30	0.89	0.92	0.32
	1.00	LOCUS_9878.0_TRANSCRIPT_1	ID_49822	0.00	0.00	1.06	0.71	0.80	0.37
	1.00	LOCUS_10041.0_TRANSCRIPT_1	ID_49841	0.00	0.00	0.83	1.52	0.98	0.19
	1.00	LOCUS_10069.0_TRANSCRIPT_1	ID_49843	0.00	0.00	1.37	2.16	1.25	0.85
	1.00	LOCUS_10073.0_TRANSCRIPT_1	ID_49844	0.00	0.00	3.32	4.01	6.86	1.09
	1.00	LOCUS_10074.0_TRANSCRIPT_1	ID_49845	0.00	0.00	1.25	2.71	3.75	0.78
	1.00	LOCUS_10102.0_TRANSCRIPT_1	ID_49846	0.00	0.00	1.89	2.16	3.99	0.09
	1.00	LOCUS_10107.0_TRANSCRIPT_1	ID_49847	0.00	0.00	0.57	1.30	0.97	0.29
	1.00	LOCUS_10116.0_TRANSCRIPT_1	ID_49848	0.00	0.00	2.99	5.35	3.58	1.02
	1.00	LOCUS_10119.0_TRANSCRIPT_1	ID_49849	0.00	0.00	0.75	1.60	2.70	0.33
	1.00	LOCUS_10134.0_TRANSCRIPT_1	ID_49852	0.00	0.00	1.93	1.39	1.77	0.40
	1.00	LOCUS_10149.0_TRANSCRIPT_1	ID_49854	0.00	0.00	2.13	3.38	2.44	0.50
	1.00	LOCUS_10192.0_TRANSCRIPT_1	ID_49859	0.00	0.00	1.00	2.35	2.12	0.22
	1.00	LOCUS_10242.0_TRANSCRIPT_1	ID_49860	0.00	0.00	0.84	2.57	3.39	0.14
	1.00	LOCUS_10589.0_TRANSCRIPT_1	ID_49868	0.00	0.00	0.99	2.05	3.65	0.12
	1.00	LOCUS_10715.0_TRANSCRIPT_1	ID_49871	0.00	0.00	1.59	4.07	4.54	0.58
	1.00	LOCUS_10915.0_TRANSCRIPT_1	ID_49881	0.00	0.00	0.83	1.75	1.55	0.00
	1.00	LOCUS_10970.0_TRANSCRIPT_1	ID_49886	0.00	0.00	0.56	1.35	1.60	0.00
	1.00	LOCUS_11682.0_TRANSCRIPT_1	ID_49912	0.00	0.00	1.89	2.32	3.21	0.55
	1.00	LOCUS_11753.0_TRANSCRIPT_1	ID_49915	0.00	0.00	0.97	2.19	2.39	0.28
	1.00	LOCUS_11813.0_TRANSCRIPT_1	ID_49919	0.00	0.00	0.81	1.84	1.71	0.17
	1.00	LOCUS_11943.0_TRANSCRIPT_1	ID_49926	0.00	0.00	0.97	2.42	1.62	0.17
	1.00	LOCUS_12149.0_TRANSCRIPT_1	ID_49935	0.00	0.00	0.57	1.38	1.30	0.04
	1.00	LOCUS_12830.0_TRANSCRIPT_1	ID_49944	0.00	0.00	1.19	2.32	3.64	0.34
	1.00	LOCUS_13713.1_TRANSCRIPT_1	ID_49966	0.00	0.00	0.24	0.94	1.14	0.00
	1.00	LOCUS_14298.0_TRANSCRIPT_1	ID_49985	0.00	0.00	1.00	2.22	1.39	0.00
	1.00	LOCUS_18426.0_TRANSCRIPT_1	ID_50104	0.00	0.00	0.96	1.48	2.00	0.50
	1.00	LOCUS_19054.0_TRANSCRIPT_1	ID_50124	0.00	0.00	0.29	0.85	1.16	0.00
	1.00	LOCUS_19120.0_TRANSCRIPT_1	ID_50127	0.00	0.00	1.86	1.74	2.22	0.59
	1.00	LOCUS_19928.0_TRANSCRIPT_1	ID_50143	0.00	0.00	0.70	1.46	1.33	0.09
	1.00	LOCUS_22842.0_TRANSCRIPT_2	ID_50222	0.00	0.00	0.39	1.03	0.89	0.11
	1.00	LOCUS_23400.0_TRANSCRIPT_1	ID_50238	0.00	0.00	1.57	1.36	1.28	0.07
	1.00	LOCUS_23865.0_TRANSCRIPT_1	ID_50256	0.00	0.00	0.32	0.67	1.16	0.00
	1.00	LOCUS_24142.0_TRANSCRIPT_1	ID_50267	0.00	0.00	2.18	4.89	5.39	1.23
	1.00	LOCUS_24693.0_TRANSCRIPT_1	ID_50278	0.00	0.00	1.17	2.27	1.46	0.17
	1.00	LOCUS_24812.0_TRANSCRIPT_1	ID_50281	0.00	0.00	1.10	1.49	1.69	0.32
	1.00	LOCUS_25853.0_TRANSCRIPT_2	ID_50298	0.00	0.00	0.74	1.31	1.75	0.24
	1.00	LOCUS_26005.0_TRANSCRIPT_1	ID_50303	0.00	0.00	2.35	2.29	2.93	0.46
	1.00	LOCUS_26136.0_TRANSCRIPT_1	ID_50306	0.00	0.00	1.44	1.21	1.59	0.22
	1.00	LOCUS_26564.0_TRANSCRIPT_1	ID_50319	0.00	0.00	0.35	1.20	1.22	0.06
	1.00	LOCUS_28671.0_TRANSCRIPT_1	ID_50364	0.00	0.00	0.51	0.69	1.04	0.20
	1.00	LOCUS_30075.0_TRANSCRIPT_1	ID_50392	0.00	0.00	0.88	0.95	1.28	0.48
	1.00	LOCUS_30327.0_TRANSCRIPT_2	ID_50398	0.00	0.00	1.16	1.50	1.55	0.06
	1.00	LOCUS_30327.0_TRANSCRIPT_4	ID_50399	0.00	0.00	1.79	3.41	3.31	0.64
	1.00	LOCUS_31503.0_TRANSCRIPT_1	ID_50426	0.00	0.00	1.15	2.55	1.60	0.17
	1.00	LOCUS_32463.0_TRANSCRIPT_1	ID_50450	0.00	0.00	0.98	1.83	1.36	0.53
	1.00	LOCUS_34894.0_TRANSCRIPT_1	ID_50499	0.00	0.00	1.14	3.10	4.14	0.15
	1.00	LOCUS_3525.0_TRANSCRIPT_1	ID_50513	0.00	0.00	0.38	0.91	1.50	0.07
	1.00	LOCUS_37656.0_TRANSCRIPT_1	ID_50583	0.00	0.00	2.29	2.78	4.65	0.97
	1.00	LOCUS_38911.0_TRANSCRIPT_3	ID_50614	0.00	0.00	1.76	1.41	1.89	0.39
	1.00	LOCUS_42698.0_TRANSCRIPT_2	ID_50750	0.00	0.00	0.66	1.32	1.46	0.00
	1.00	LOCUS_44139.0_TRANSCRIPT_1	ID_50817	0.00	0.00	1.27	3.91	3.16	0.20
	1.00	LOCUS_51708.0_TRANSCRIPT_1	ID_51276	0.00	0.00	1.29	1.71	2.99	0.21
	1.00	LOCUS_51714.0_TRANSCRIPT_1	ID_51278	0.00	0.00	2.16	3.41	2.93	0.62
	1.00	LOCUS_51715.0_TRANSCRIPT_1	ID_51279	0.00	0.00	1.43	2.98	3.85	0.56
	1.00	LOCUS_51717.0_TRANSCRIPT_1	ID_51280	0.00	0.00	1.71	4.18	5.52	0.64
	1.00	LOCUS_51736.0_TRANSCRIPT_1	ID_51283	0.00	0.00	3.44	4.59	5.03	0.96
	1.00	LOCUS_51738.0_TRANSCRIPT_1	ID_51284	0.00	0.00	1.46	2.97	2.08	0.63
	1.00	LOCUS_51746.0_TRANSCRIPT_1	ID_51287	0.00	0.00	2.14	2.51	3.99	0.18
	1.00	LOCUS_51753.0_TRANSCRIPT_1	ID_51290	0.00	0.00	0.65	1.51	1.31	0.39
	1.00	LOCUS_51796.0_TRANSCRIPT_1	ID_51298	0.00	0.00	1.04	1.66	1.33	0.12
	1.00	LOCUS_52072.0_TRANSCRIPT_1	ID_51315	0.00	0.00	1.24	1.41	1.24	0.00
	1.00	LOCUS_52429.0_TRANSCRIPT_1	ID_51344	0.00	0.00	0.28	0.63	1.06	0.11
	1.00	LOCUS_52573.0_TRANSCRIPT_1	ID_51352	0.00	0.00	0.24	1.06	1.36	0.00
