Gene Table for Profile 15 (0.0,-1.0,0.0,0.0,-2.0,-1.0)
Num. Genes Expected	Num. Genes Assigned	P-Value	Significant
311.0	147.7	5.4E-32	 (significant)
-------
Selected	Weight	trascript	SPOT	avg_norm_count_0d	avg_norm_count_1d	avg_norm_count_3d	avg_norm_count_5d	avg_norm_count_7d	avg_norm_count_9d
	1.00	LOCUS_10315.0_TRANSCRIPT_1	ID_139	0.00	-0.98	-0.45	-0.55	-1.37	-1.01
	1.00	LOCUS_10752.0_TRANSCRIPT_1	ID_346	0.00	-3.41	3.18	-1.26	-6.61	-4.75
	1.00	LOCUS_11856.0_TRANSCRIPT_1	ID_851	0.00	-0.96	-0.50	-0.88	-1.26	-0.87
	1.00	LOCUS_12096.0_TRANSCRIPT_1	ID_966	0.00	-6.67	-4.31	-3.20	-10.43	-7.78
	1.00	LOCUS_12105.0_TRANSCRIPT_1	ID_973	0.00	-0.48	-0.52	-0.24	-1.06	-0.97
	1.00	LOCUS_12430.0_TRANSCRIPT_1	ID_1107	0.00	-3.17	0.01	-3.35	-5.10	-2.22
	1.00	LOCUS_12466.0_TRANSCRIPT_1	ID_1128	0.00	-16.32	-10.68	-5.31	-27.47	-12.96
	1.00	LOCUS_12617.0_TRANSCRIPT_1	ID_1216	0.00	-172.45	91.02	-82.58	-207.83	-156.19
	1.00	LOCUS_14494.0_TRANSCRIPT_1	ID_1869	0.00	-0.78	-0.35	-0.57	-1.31	-1.19
	1.00	LOCUS_15123.0_TRANSCRIPT_1	ID_2033	0.00	-0.97	0.11	0.22	-1.12	-0.58
	1.00	LOCUS_15411.0_TRANSCRIPT_1	ID_2093	0.00	-0.69	-0.07	-0.57	-1.19	-1.00
	1.00	LOCUS_16401.0_TRANSCRIPT_1	ID_2351	0.00	-0.65	0.58	-0.27	-0.91	-0.69
	1.00	LOCUS_17459.0_TRANSCRIPT_1	ID_2588	0.00	-1.78	-0.28	-1.82	-3.10	-2.78
	1.00	LOCUS_19175.0_TRANSCRIPT_1	ID_3064	0.00	-0.31	-0.39	-0.76	-3.24	-1.26
	1.00	LOCUS_19431.0_TRANSCRIPT_1	ID_3119	0.00	-0.61	-0.25	0.74	-1.41	-0.61
	1.00	LOCUS_20135.0_TRANSCRIPT_1	ID_3327	0.00	-1.68	-0.02	-0.06	-1.68	-0.90
	1.00	LOCUS_20748.0_TRANSCRIPT_1	ID_3481	0.00	-0.92	0.90	0.27	-1.40	-1.06
	1.00	LOCUS_21412.0_TRANSCRIPT_1	ID_3699	0.00	0.02	0.59	0.05	-1.25	-0.58
	1.00	LOCUS_21683.0_TRANSCRIPT_1	ID_3802	0.00	-170.95	-14.78	-55.94	-171.40	-91.11
	1.00	LOCUS_21846.0_TRANSCRIPT_1	ID_3874	0.00	-25.06	-10.13	-15.70	-47.59	-10.66
	1.00	LOCUS_21846.1_TRANSCRIPT_1	ID_3875	0.00	-3.03	0.62	2.40	-3.57	-0.67
	1.00	LOCUS_22022.0_TRANSCRIPT_1	ID_3955	0.00	-0.88	-0.65	-0.53	-1.39	-1.19
	1.00	LOCUS_22567.0_TRANSCRIPT_2	ID_4166	0.00	-1.01	-0.37	-0.53	-1.13	-0.63
	1.00	LOCUS_22603.0_TRANSCRIPT_1	ID_4183	0.00	-3.63	-0.23	-3.12	-5.97	-4.44
	1.00	LOCUS_22713.0_TRANSCRIPT_1	ID_4232	0.00	-8.41	-2.03	-3.30	-10.58	-7.05
	1.00	LOCUS_23329.0_TRANSCRIPT_1	ID_4463	0.00	-0.34	-0.27	-0.19	-1.07	-0.63
	1.00	LOCUS_23406.0_TRANSCRIPT_1	ID_4501	0.00	-1.14	-0.68	-0.66	-1.49	-0.96
	1.00	LOCUS_24064.0_TRANSCRIPT_1	ID_4732	0.00	-1.38	0.01	-0.25	-1.37	-0.79
	1.00	LOCUS_24379.0_TRANSCRIPT_1	ID_4831	0.00	-1.17	-0.01	-1.01	-1.59	-0.80
	1.00	LOCUS_24933.0_TRANSCRIPT_1	ID_5013	0.00	-1.15	-0.49	-1.07	-1.48	-1.11
	1.00	LOCUS_25413.0_TRANSCRIPT_1	ID_5183	0.00	-0.71	-0.55	-0.50	-1.65	-0.87
	1.00	LOCUS_25472.0_TRANSCRIPT_1	ID_5209	0.00	-5.57	0.24	-0.86	-11.54	-7.17
	1.00	LOCUS_25563.0_TRANSCRIPT_1	ID_5244	0.00	0.03	-0.10	0.38	-0.72	-0.59
	1.00	LOCUS_26509.0_TRANSCRIPT_1	ID_5580	0.00	-1.86	0.83	-0.19	-2.25	-1.44
	1.00	LOCUS_2661.0_TRANSCRIPT_1	ID_5623	0.00	-0.91	0.11	-0.85	-1.50	-0.96
	1.00	LOCUS_27233.0_TRANSCRIPT_1	ID_5906	0.00	-1.13	0.19	-0.19	-1.05	-0.80
	1.00	LOCUS_27747.0_TRANSCRIPT_1	ID_6174	0.00	-17.48	-9.32	-14.78	-24.09	-20.82
	1.00	LOCUS_28039.0_TRANSCRIPT_1	ID_6306	0.00	-1,351.37	-626.91	-1,065.36	-1,921.76	-1,777.42
	1.00	LOCUS_28240.0_TRANSCRIPT_2	ID_6395	0.00	-0.84	-0.34	0.58	-1.53	-0.70
	1.00	LOCUS_28503.0_TRANSCRIPT_1	ID_6518	0.00	-3.94	-1.50	-3.76	-7.03	-5.57
	1.00	LOCUS_28705.0_TRANSCRIPT_1	ID_6604	0.00	-1.26	-0.56	-0.76	-1.50	-1.65
	1.00	LOCUS_28728.0_TRANSCRIPT_1	ID_6618	0.00	-2.60	-1.25	-1.54	-3.60	-3.48
	1.00	LOCUS_29075.0_TRANSCRIPT_1	ID_6767	0.00	-0.75	0.01	-0.70	-1.47	-0.59
	1.00	LOCUS_29457.0_TRANSCRIPT_1	ID_6947	0.00	-47.01	34.79	-28.00	-70.03	-38.58
	1.00	LOCUS_29729.0_TRANSCRIPT_1	ID_7077	0.00	-17.53	11.46	-1.49	-22.50	-17.10
	1.00	LOCUS_29973.1_TRANSCRIPT_1	ID_7189	0.00	-9.88	-2.17	-5.26	-12.54	-4.70
	1.00	LOCUS_30365.0_TRANSCRIPT_1	ID_7395	0.00	-620.08	-199.77	-524.55	-910.51	-867.55
	1.00	LOCUS_30500.0_TRANSCRIPT_1	ID_7475	0.00	-3.78	6.73	-1.67	-12.67	-7.57
	1.00	LOCUS_30542.1_TRANSCRIPT_1	ID_7497	0.00	-3.62	-1.70	-1.97	-4.29	-3.06
	1.00	LOCUS_30623.0_TRANSCRIPT_1	ID_7550	0.00	-2.19	0.61	-1.15	-3.50	-2.15
	1.00	LOCUS_30691.0_TRANSCRIPT_1	ID_7591	0.00	-1.50	0.96	0.74	-2.26	-0.22
	1.00	LOCUS_30891.0_TRANSCRIPT_1	ID_7706	0.00	-27.03	13.11	3.98	-23.76	-9.71
	1.00	LOCUS_31162.0_TRANSCRIPT_1	ID_7863	0.00	-2.02	0.10	-1.41	-2.90	-1.62
	1.00	LOCUS_31218.0_TRANSCRIPT_1	ID_7900	0.00	-69.24	8.12	-33.14	-86.11	-25.86
	1.00	LOCUS_31304.1_TRANSCRIPT_1	ID_7956	0.00	-26.04	-12.56	-12.95	-33.85	-27.23
	1.00	LOCUS_31457.0_TRANSCRIPT_1	ID_8047	0.00	-0.45	0.58	0.79	-1.02	-0.21
	1.00	LOCUS_31519.0_TRANSCRIPT_1	ID_8080	0.00	-176.82	-46.71	-101.11	-269.89	-234.13
	1.00	LOCUS_31580.0_TRANSCRIPT_1	ID_8124	0.00	-0.99	-0.25	-0.78	-1.31	-1.19
	1.00	LOCUS_31602.0_TRANSCRIPT_1	ID_8143	0.00	-0.29	-0.78	-0.13	-2.30	-1.81
	1.00	LOCUS_32217.0_TRANSCRIPT_1	ID_8490	0.00	-6.22	-1.79	-1.03	-5.32	-4.66
	1.00	LOCUS_32232.0_TRANSCRIPT_1	ID_8495	0.00	-2.59	2.33	2.44	-4.75	-3.93
	1.00	LOCUS_32642.0_TRANSCRIPT_1	ID_8697	0.00	-0.57	0.80	-0.28	-1.19	-0.57
	1.00	LOCUS_33553.0_TRANSCRIPT_1	ID_9292	0.00	-23.04	-3.42	-6.30	-24.17	-16.43
	1.00	LOCUS_33887.0_TRANSCRIPT_1	ID_9503	0.00	-7.05	-2.65	-6.35	-10.11	-8.49
	1.00	LOCUS_33930.0_TRANSCRIPT_1	ID_9532	0.00	-1.67	0.48	-1.21	-2.19	-1.57
	1.00	LOCUS_33970.0_TRANSCRIPT_1	ID_9562	0.00	-2.00	1.11	-1.00	-2.90	-1.45
	1.00	LOCUS_34011.0_TRANSCRIPT_1	ID_9585	0.00	-9.96	2.10	0.00	-12.32	-8.34
	1.00	LOCUS_34012.1_TRANSCRIPT_1	ID_9587	0.00	-401.60	-172.37	-210.98	-493.35	-390.77
	1.00	LOCUS_34095.0_TRANSCRIPT_1	ID_9650	0.00	-0.58	-0.05	0.92	-1.58	-0.95
	1.00	LOCUS_34567.0_TRANSCRIPT_1	ID_9964	0.00	-4.44	-1.82	-2.07	-4.86	-5.51
	1.00	LOCUS_34618.0_TRANSCRIPT_1	ID_9999	0.00	-2.60	0.29	-1.73	-3.56	-0.98
	1.00	LOCUS_34636.0_TRANSCRIPT_1	ID_10018	0.00	-11.82	-5.37	-4.55	-15.26	-13.84
	1.00	LOCUS_34661.0_TRANSCRIPT_1	ID_10034	0.00	-1.07	1.32	0.01	-2.65	-0.99
	1.00	LOCUS_34718.0_TRANSCRIPT_1	ID_10070	0.00	-1.18	-0.89	-0.60	-2.46	-1.98
	1.00	LOCUS_34808.0_TRANSCRIPT_1	ID_10124	0.00	-7.74	-0.45	-0.39	-6.34	-5.44
	1.00	LOCUS_34860.0_TRANSCRIPT_1	ID_10163	0.00	-15.17	-6.66	-3.13	-14.74	-9.08
	1.00	LOCUS_34875.0_TRANSCRIPT_1	ID_10177	0.00	-2.29	0.36	-0.16	-3.98	-2.42
	1.00	LOCUS_34882.0_TRANSCRIPT_1	ID_10181	0.00	-41.60	18.02	-1.58	-53.69	-14.10
	1.00	LOCUS_34963.0_TRANSCRIPT_1	ID_10231	0.00	-0.65	-0.49	-0.74	-1.69	-0.98
	1.00	LOCUS_35103.0_TRANSCRIPT_1	ID_10335	0.00	-0.86	-0.37	-0.83	-1.83	-1.23
	1.00	LOCUS_35322.0_TRANSCRIPT_1	ID_10475	0.00	-5.79	-5.09	1.61	-9.49	-6.22
	1.00	LOCUS_35787.0_TRANSCRIPT_1	ID_10854	0.00	-27.71	-4.24	-11.13	-30.53	-20.40
	1.00	LOCUS_35822.0_TRANSCRIPT_1	ID_10880	0.00	-1.12	-0.18	-0.27	-1.02	-0.93
	1.00	LOCUS_35885.0_TRANSCRIPT_1	ID_10931	0.00	-1.96	0.24	-0.62	-2.26	-1.25
	1.00	LOCUS_36024.0_TRANSCRIPT_1	ID_11057	0.00	-0.84	-0.57	-0.56	-1.53	-0.78
	1.00	LOCUS_36041.0_TRANSCRIPT_1	ID_11072	0.00	-0.87	-0.85	-0.96	-2.78	-1.79
	1.00	LOCUS_36115.1_TRANSCRIPT_1	ID_11133	0.00	-10.28	-4.05	-6.69	-20.26	-10.06
	1.00	LOCUS_36487.0_TRANSCRIPT_1	ID_11426	0.00	-19.56	-3.17	-10.85	-26.47	-10.74
	1.00	LOCUS_36497.0_TRANSCRIPT_1	ID_11435	0.00	-0.75	0.89	0.83	-1.58	-0.90
	1.00	LOCUS_36587.0_TRANSCRIPT_1	ID_11499	0.00	-0.69	0.49	0.49	-0.83	-0.43
	1.00	LOCUS_36829.0_TRANSCRIPT_1	ID_11693	0.00	-11.83	1.25	5.91	-21.59	-10.60
	1.00	LOCUS_36864.0_TRANSCRIPT_1	ID_11717	0.00	-0.29	1.83	1.40	-2.07	-0.41
	1.00	LOCUS_37408.0_TRANSCRIPT_1	ID_12147	0.00	-14.19	-4.03	-4.34	-13.30	-9.24
	1.00	LOCUS_37411.0_TRANSCRIPT_2	ID_12150	0.00	-19.82	17.34	-14.22	-45.79	-24.60
	1.00	LOCUS_37569.0_TRANSCRIPT_1	ID_12271	0.00	1.33	6.27	4.66	-4.79	0.85
	1.00	LOCUS_37608.0_TRANSCRIPT_1	ID_12306	0.00	-1.20	1.23	1.16	-2.19	-0.33
	1.00	LOCUS_38013.0_TRANSCRIPT_1	ID_12641	0.00	-0.59	0.29	-0.54	-1.17	-0.60
	1.00	LOCUS_38216.0_TRANSCRIPT_1	ID_12816	0.00	-6.86	1.43	-1.96	-7.92	-4.73
	1.00	LOCUS_38228.0_TRANSCRIPT_2	ID_12828	0.00	-1.01	1.63	0.41	-1.87	-0.36
	1.00	LOCUS_38293.0_TRANSCRIPT_1	ID_12892	0.00	-45.55	-28.92	-44.14	-68.42	-44.71
	1.00	LOCUS_38300.0_TRANSCRIPT_2	ID_12899	0.00	-3.26	0.24	-0.75	-3.50	-1.14
	1.00	LOCUS_38326.0_TRANSCRIPT_1	ID_12923	0.00	3.16	-1.78	6.66	-13.74	-9.28
	1.00	LOCUS_38385.0_TRANSCRIPT_3	ID_12973	0.00	-3.25	0.47	2.88	-3.52	-0.61
	1.00	LOCUS_38520.0_TRANSCRIPT_1	ID_13087	0.00	-1.19	-0.69	-0.91	-1.65	-1.08
	1.00	LOCUS_38575.0_TRANSCRIPT_2	ID_13129	0.00	-3.28	0.15	0.47	-2.68	-2.61
	1.00	LOCUS_38642.0_TRANSCRIPT_2	ID_13177	0.00	-8.38	-1.73	-5.04	-10.14	-10.77
	1.00	LOCUS_39224.0_TRANSCRIPT_1	ID_13701	0.00	-0.61	-0.28	-0.53	-1.07	-0.84
	1.00	LOCUS_39292.2_TRANSCRIPT_1	ID_13767	0.00	-0.65	-0.46	-0.83	-1.71	-1.00
	1.00	LOCUS_39350.0_TRANSCRIPT_1	ID_13812	0.00	-0.59	0.06	-0.17	-0.96	-0.71
	1.00	LOCUS_39546.0_TRANSCRIPT_1	ID_13993	0.00	-1.14	-1.94	0.96	-4.14	-2.15
	1.00	LOCUS_39547.1_TRANSCRIPT_1	ID_13995	0.00	-1.17	0.53	-0.64	-2.67	-1.43
	1.00	LOCUS_39839.0_TRANSCRIPT_1	ID_14264	0.00	-2.28	2.20	2.96	-8.60	-2.04
	1.00	LOCUS_39862.0_TRANSCRIPT_1	ID_14284	0.00	-2.51	-1.69	-2.07	-6.48	-3.43
	1.00	LOCUS_39890.0_TRANSCRIPT_1	ID_14311	0.00	-2.60	0.66	-0.95	-2.82	-1.75
	1.00	LOCUS_39892.0_TRANSCRIPT_1	ID_14312	0.00	-0.73	-0.22	-0.53	-1.08	-0.49
	1.00	LOCUS_40029.0_TRANSCRIPT_1	ID_14424	0.00	-0.92	0.06	-0.48	-1.77	-1.64
	1.00	LOCUS_40059.0_TRANSCRIPT_1	ID_14451	0.00	-10.98	5.26	-1.56	-13.52	-9.13
	1.00	LOCUS_40321.0_TRANSCRIPT_2	ID_14692	0.00	-2.62	-1.58	-2.39	-4.12	-2.90
	1.00	LOCUS_40519.0_TRANSCRIPT_1	ID_14878	0.00	-3.79	1.67	-1.84	-4.62	-4.19
	1.00	LOCUS_40546.0_TRANSCRIPT_1	ID_14911	0.00	-1.77	-0.06	0.90	-3.06	-0.16
	1.00	LOCUS_40745.0_TRANSCRIPT_3	ID_15125	0.00	0.45	4.97	2.01	-6.66	-4.36
	1.00	LOCUS_40749.1_TRANSCRIPT_1	ID_15129	0.00	-0.45	0.46	-0.28	-2.96	-0.30
	1.00	LOCUS_40799.0_TRANSCRIPT_1	ID_15172	0.00	-0.33	0.26	-0.39	-1.14	-0.85
	1.00	LOCUS_40848.0_TRANSCRIPT_1	ID_15226	0.00	-5.83	0.99	-0.35	-6.25	-2.81
	1.00	LOCUS_40880.0_TRANSCRIPT_1	ID_15256	0.00	-0.94	0.41	0.37	-1.38	0.12
	1.00	LOCUS_40898.0_TRANSCRIPT_1	ID_15272	0.00	-0.55	0.47	0.11	-0.72	-0.67
	1.00	LOCUS_41149.0_TRANSCRIPT_1	ID_15490	0.00	-0.83	-0.26	-0.31	-2.36	-0.99
	1.00	LOCUS_41252.0_TRANSCRIPT_1	ID_15593	0.00	-6.93	3.13	3.81	-10.15	-1.62
	1.00	LOCUS_41263.0_TRANSCRIPT_1	ID_15602	0.00	-3.47	0.39	0.46	-2.86	-1.45
	1.00	LOCUS_41368.0_TRANSCRIPT_1	ID_15698	0.00	-1.70	0.11	-0.01	-2.23	-1.16
	1.00	LOCUS_41439.1_TRANSCRIPT_1	ID_15769	0.00	-6.35	5.52	4.51	-7.80	-5.71
	1.00	LOCUS_41493.0_TRANSCRIPT_1	ID_15822	0.00	-31.90	-0.66	-22.58	-46.93	-35.31
	1.00	LOCUS_41528.0_TRANSCRIPT_1	ID_15860	0.00	-5.23	0.15	-0.37	-8.12	-6.13
	1.00	LOCUS_41820.0_TRANSCRIPT_3	ID_16157	0.00	-2.12	-0.89	-1.69	-2.67	-1.98
	1.00	LOCUS_41835.0_TRANSCRIPT_5	ID_16174	0.00	-2.82	0.11	-0.97	-3.01	-2.28
	1.00	LOCUS_41935.0_TRANSCRIPT_1	ID_16264	0.00	-0.07	1.12	1.01	-9.81	-3.75
	1.00	LOCUS_41968.0_TRANSCRIPT_1	ID_16296	0.00	-1.06	-0.94	-0.17	-2.11	-1.07
	1.00	LOCUS_42069.0_TRANSCRIPT_1	ID_16418	0.00	-11.77	2.51	-2.65	-11.83	-6.94
	1.00	LOCUS_42111.0_TRANSCRIPT_1	ID_16472	0.00	-1.55	4.48	-0.17	-5.81	-1.83
	1.00	LOCUS_42228.0_TRANSCRIPT_2	ID_16591	0.00	-1.58	-0.57	-1.06	-1.82	-1.79
	1.00	LOCUS_42271.0_TRANSCRIPT_1	ID_16649	0.00	-7.10	-6.62	-6.08	-22.84	-17.15
	1.00	LOCUS_42313.1_TRANSCRIPT_1	ID_16689	0.00	-4.62	-2.14	-2.13	-5.70	-3.26
	1.00	LOCUS_42313.2_TRANSCRIPT_1	ID_16690	0.00	-2.57	-0.22	0.99	-3.35	-2.22
	1.00	LOCUS_42415.0_TRANSCRIPT_1	ID_16795	0.00	-229.29	-53.69	-186.16	-345.07	-351.79
	1.00	LOCUS_42487.0_TRANSCRIPT_1	ID_16873	0.00	-3.30	5.18	-0.89	-28.11	-24.73
	1.00	LOCUS_42510.0_TRANSCRIPT_2	ID_16901	0.00	-7.74	-1.66	2.48	-8.61	-3.50
	1.00	LOCUS_42627.0_TRANSCRIPT_1	ID_17023	0.00	-53.15	-26.65	-38.91	-82.16	-50.48
	1.00	LOCUS_42649.0_TRANSCRIPT_2	ID_17047	0.00	-0.47	1.15	0.22	-2.43	0.10
	1.00	LOCUS_42682.0_TRANSCRIPT_1	ID_17085	0.00	-147.65	97.92	-45.79	-213.23	-132.03
	1.00	LOCUS_42686.1_TRANSCRIPT_1	ID_17094	0.00	-34.18	-1.53	-26.12	-64.80	-51.24
	1.00	LOCUS_42828.0_TRANSCRIPT_1	ID_17254	0.00	-2.17	0.23	-1.12	-3.06	-1.71
	1.00	LOCUS_42857.0_TRANSCRIPT_1	ID_17289	0.00	-1.77	0.81	-0.97	-2.44	-1.93
	1.00	LOCUS_42866.2_TRANSCRIPT_1	ID_17300	0.00	-8.73	-0.36	-9.45	-17.49	-13.41
	1.00	LOCUS_42879.0_TRANSCRIPT_1	ID_17316	0.00	-3.48	2.03	-0.07	-3.13	-2.65
	1.00	LOCUS_42887.0_TRANSCRIPT_1	ID_17320	0.00	-8.64	0.36	9.64	-17.85	-3.96
	1.00	LOCUS_42964.2_TRANSCRIPT_2	ID_17404	0.00	-1.80	-0.57	-1.36	-3.00	-2.15
	1.00	LOCUS_43007.0_TRANSCRIPT_1	ID_17446	0.00	-1.40	1.41	-0.92	-3.59	-2.01
	1.00	LOCUS_43021.2_TRANSCRIPT_2	ID_17465	0.00	-0.68	0.10	-0.56	-1.11	-0.65
	1.00	LOCUS_43025.0_TRANSCRIPT_1	ID_17469	0.00	-1.11	-0.25	-0.25	-1.42	-0.87
	1.00	LOCUS_43071.0_TRANSCRIPT_1	ID_17530	0.00	-5.37	-2.14	-5.55	-10.31	-3.15
	1.00	LOCUS_43108.0_TRANSCRIPT_1	ID_17566	0.00	-2.58	1.07	-1.53	-4.24	-3.68
	1.00	LOCUS_43178.0_TRANSCRIPT_1	ID_17650	0.00	-2.06	-0.68	-0.70	-2.05	-1.91
	1.00	LOCUS_43323.2_TRANSCRIPT_1	ID_17799	0.00	-22.31	0.57	5.49	-33.89	-27.97
	1.00	LOCUS_43363.1_TRANSCRIPT_1	ID_17841	0.00	-3.08	0.19	-4.26	-8.71	-1.68
	1.00	LOCUS_43382.0_TRANSCRIPT_1	ID_17856	0.00	-17.19	2.71	-9.88	-24.41	-22.87
	1.00	LOCUS_43553.0_TRANSCRIPT_1	ID_18055	0.00	-91.35	-30.58	-80.77	-141.15	-123.91
	1.00	LOCUS_43580.0_TRANSCRIPT_12	ID_18080	0.00	-6.23	3.47	-1.98	-8.75	-1.48
	1.00	LOCUS_43695.0_TRANSCRIPT_1	ID_18220	0.00	-202.14	84.02	-53.65	-209.41	-82.50
	1.00	LOCUS_43716.0_TRANSCRIPT_2	ID_18248	0.00	-4.54	-2.28	-3.45	-9.73	-8.80
	1.00	LOCUS_43744.1_TRANSCRIPT_1	ID_18282	0.00	-0.80	0.19	-0.33	-1.37	-0.32
	1.00	LOCUS_43830.0_TRANSCRIPT_1	ID_18378	0.00	-0.85	0.13	-1.63	-3.43	-1.14
	1.00	LOCUS_43924.0_TRANSCRIPT_3	ID_18482	0.00	-9.22	1.11	-4.05	-10.22	-5.40
	1.00	LOCUS_43979.0_TRANSCRIPT_1	ID_18530	0.00	-29.09	37.14	-10.99	-56.75	-30.31
	1.00	LOCUS_44195.0_TRANSCRIPT_1	ID_18787	0.00	-3.66	-0.64	-2.61	-6.01	-4.22
	1.00	LOCUS_44195.1_TRANSCRIPT_1	ID_18790	0.00	-18.25	-2.84	-14.55	-24.39	-16.61
	1.00	LOCUS_44225.0_TRANSCRIPT_1	ID_18820	0.00	-6.76	-0.10	0.78	-9.99	-6.89
	1.00	LOCUS_44254.0_TRANSCRIPT_1	ID_18849	0.00	-3.19	2.61	1.56	-5.01	-2.67
	1.00	LOCUS_44346.0_TRANSCRIPT_1	ID_18970	0.00	-3.03	-0.07	-0.14	-5.41	-2.35
	1.00	LOCUS_44347.0_TRANSCRIPT_2	ID_18971	0.00	-0.71	0.22	0.04	-1.14	-0.45
	1.00	LOCUS_44372.1_TRANSCRIPT_1	ID_18989	0.00	-1.08	1.44	1.30	-1.74	-0.75
	1.00	LOCUS_44466.0_TRANSCRIPT_1	ID_19124	0.00	-0.98	-3.78	1.03	-20.55	-9.70
	1.00	LOCUS_44541.0_TRANSCRIPT_1	ID_19220	0.00	-9.87	-5.09	-8.74	-19.15	-15.70
	1.00	LOCUS_44568.1_TRANSCRIPT_1	ID_19256	0.00	-101.39	-16.91	-32.41	-121.47	-74.53
	1.00	LOCUS_44641.0_TRANSCRIPT_2	ID_19344	0.00	-44.00	-17.03	-27.42	-67.16	-65.59
	1.00	LOCUS_44676.0_TRANSCRIPT_1	ID_19375	0.00	-0.35	-0.22	-0.77	-3.33	-0.69
	1.00	LOCUS_44988.0_TRANSCRIPT_1	ID_19752	0.00	-60.17	-0.34	33.05	-70.00	-51.44
	1.00	LOCUS_45028.0_TRANSCRIPT_9	ID_19792	0.00	-0.27	0.68	1.86	-3.20	0.14
	1.00	LOCUS_45128.0_TRANSCRIPT_3	ID_19923	0.00	-0.77	0.15	0.35	-1.47	-0.86
	1.00	LOCUS_45137.1_TRANSCRIPT_1	ID_19933	0.00	-18.45	-1.08	-7.14	-19.40	-8.68
	1.00	LOCUS_45150.1_TRANSCRIPT_8	ID_19953	0.00	-44.11	-9.47	-36.38	-58.38	-53.03
	1.00	LOCUS_45272.0_TRANSCRIPT_1	ID_20103	0.00	-46.02	-17.88	-29.13	-65.47	-43.68
	1.00	LOCUS_45322.0_TRANSCRIPT_1	ID_20158	0.00	-17.29	24.36	10.74	-29.93	-8.76
	1.00	LOCUS_45395.1_TRANSCRIPT_1	ID_20246	0.00	-34.14	-17.06	-11.34	-56.31	-20.26
	1.00	LOCUS_45415.2_TRANSCRIPT_1	ID_20276	0.00	-1.59	-0.78	-0.34	-1.80	-0.87
	1.00	LOCUS_45440.2_TRANSCRIPT_1	ID_20311	0.00	-0.15	1.25	0.28	-3.44	-0.44
	1.00	LOCUS_45478.0_TRANSCRIPT_1	ID_20367	0.00	-18.42	0.82	8.33	-18.67	-10.89
	1.00	LOCUS_45487.0_TRANSCRIPT_1	ID_20374	0.00	-0.82	-0.42	0.04	-1.23	-0.71
	1.00	LOCUS_45487.0_TRANSCRIPT_3	ID_20376	0.00	-2.38	-0.12	1.26	-3.51	-0.67
	1.00	LOCUS_45560.0_TRANSCRIPT_4	ID_20470	0.00	-0.23	0.52	0.58	-0.57	-0.12
	1.00	LOCUS_45597.0_TRANSCRIPT_2	ID_20518	0.00	-2.99	-0.37	-0.23	-4.73	-2.28
	1.00	LOCUS_45769.0_TRANSCRIPT_3	ID_20727	0.00	-0.64	0.33	-0.39	-1.26	-1.11
	1.00	LOCUS_45800.0_TRANSCRIPT_1	ID_20759	0.00	-0.56	0.17	-0.05	-2.62	-1.48
	1.00	LOCUS_45826.0_TRANSCRIPT_1	ID_20792	0.00	-3.16	7.92	3.85	-10.72	0.36
	1.00	LOCUS_45853.0_TRANSCRIPT_2	ID_20835	0.00	-1.79	-0.46	-1.60	-2.38	-1.76
	1.00	LOCUS_45919.2_TRANSCRIPT_1	ID_20934	0.00	-0.98	-0.34	-0.44	-2.24	-0.73
	1.00	LOCUS_45987.0_TRANSCRIPT_3	ID_21002	0.00	0.25	1.31	1.30	-1.36	-0.74
	1.00	LOCUS_46041.0_TRANSCRIPT_1	ID_21060	0.00	-8.24	-5.54	-0.32	-14.06	-7.56
	1.00	LOCUS_46141.0_TRANSCRIPT_13	ID_21194	0.00	-3.04	1.69	1.51	-4.09	-3.00
	1.00	LOCUS_46192.1_TRANSCRIPT_1	ID_21258	0.00	-0.91	-0.09	-0.62	-1.19	-1.05
	1.00	LOCUS_46216.2_TRANSCRIPT_1	ID_21293	0.00	-0.95	0.29	0.89	-2.18	-0.53
	1.00	LOCUS_46216.3_TRANSCRIPT_5	ID_21298	0.00	-103.41	-49.42	-86.66	-201.73	-86.48
	1.00	LOCUS_46260.0_TRANSCRIPT_1	ID_21370	0.00	-13.44	-4.92	-6.30	-17.67	-9.34
	1.00	LOCUS_46293.0_TRANSCRIPT_1	ID_21423	0.00	-32.97	-8.21	-17.79	-41.25	-29.88
	1.00	LOCUS_46328.0_TRANSCRIPT_1	ID_21465	0.00	-122.39	-49.84	-108.15	-187.18	-158.95
	1.00	LOCUS_46335.0_TRANSCRIPT_1	ID_21476	0.00	-17.96	-4.12	-25.35	-42.57	-13.23
	1.00	LOCUS_46380.0_TRANSCRIPT_1	ID_21534	0.00	-6.61	-3.50	-6.32	-8.72	-6.69
	1.00	LOCUS_46380.0_TRANSCRIPT_3	ID_21535	0.00	-5.16	1.91	-2.06	-7.97	-5.83
	1.00	LOCUS_46441.4_TRANSCRIPT_1	ID_21643	0.00	-0.08	0.53	2.13	-2.39	-1.05
	1.00	LOCUS_46482.0_TRANSCRIPT_3	ID_21687	0.00	-2.02	-0.84	-0.57	-2.93	-0.72
	1.00	LOCUS_46508.3_TRANSCRIPT_1	ID_21727	0.00	-5.01	2.93	4.05	-5.86	-1.11
	1.00	LOCUS_46512.1_TRANSCRIPT_1	ID_21732	0.00	-17.54	-11.88	-16.89	-32.03	-19.34
	1.00	LOCUS_46541.0_TRANSCRIPT_1	ID_21761	0.00	-14.73	3.38	1.75	-55.92	-47.98
	1.00	LOCUS_46617.0_TRANSCRIPT_1	ID_21863	0.00	-6.35	2.73	-1.39	-7.28	-5.60
	1.00	LOCUS_46714.0_TRANSCRIPT_3	ID_22001	0.00	-17.53	5.53	-3.85	-22.47	-20.76
	1.00	LOCUS_46846.2_TRANSCRIPT_1	ID_22178	0.00	-99.51	-59.69	-20.76	-137.06	-88.66
	1.00	LOCUS_46887.1_TRANSCRIPT_2	ID_22245	0.00	-32.68	5.13	-16.25	-39.36	-36.62
	1.00	LOCUS_46937.0_TRANSCRIPT_1	ID_22321	0.00	-31.21	6.33	18.99	-29.19	-2.34
	1.00	LOCUS_46961.1_TRANSCRIPT_1	ID_22355	0.00	-20.14	-3.16	-5.58	-25.47	-17.63
	1.00	LOCUS_46961.2_TRANSCRIPT_5	ID_22356	0.00	-28.71	-3.14	-6.92	-33.61	-11.99
	1.00	LOCUS_47040.0_TRANSCRIPT_2	ID_22457	0.00	-2.22	2.18	0.11	-4.06	-1.62
	1.00	LOCUS_47230.0_TRANSCRIPT_3	ID_22712	0.00	-0.85	-0.54	-0.41	-1.19	-0.81
	1.00	LOCUS_47431.0_TRANSCRIPT_13	ID_22972	0.00	-6.09	-1.23	-1.66	-6.02	-3.92
	1.00	LOCUS_47488.1_TRANSCRIPT_5	ID_23069	0.00	-0.76	2.44	0.70	-5.24	-1.28
	1.00	LOCUS_47491.0_TRANSCRIPT_1	ID_23082	0.00	-5.68	5.44	-0.35	-12.86	-6.89
	1.00	LOCUS_47510.0_TRANSCRIPT_1	ID_23107	0.00	-1.84	0.42	0.06	-1.48	-1.22
	1.00	LOCUS_47517.0_TRANSCRIPT_1	ID_23120	0.00	-1.53	0.46	0.18	-1.96	-1.39
	1.00	LOCUS_47521.3_TRANSCRIPT_1	ID_23130	0.00	-2.89	2.00	-0.74	-3.56	-2.50
	1.00	LOCUS_47648.0_TRANSCRIPT_1	ID_23302	0.00	-40.06	13.48	50.33	-65.27	-56.09
	1.00	LOCUS_47780.0_TRANSCRIPT_2	ID_23459	0.00	-1.91	-1.31	-0.79	-2.83	-1.95
	1.00	LOCUS_47824.0_TRANSCRIPT_4	ID_23520	0.00	-2.42	-0.09	-2.36	-3.54	-1.71
	1.00	LOCUS_47843.0_TRANSCRIPT_2	ID_23546	0.00	-7.64	3.84	1.78	-16.17	-5.16
	1.00	LOCUS_47938.2_TRANSCRIPT_5	ID_23684	0.00	-2.61	-1.05	-0.81	-2.48	-1.83
	1.00	LOCUS_47959.0_TRANSCRIPT_1	ID_23713	0.00	-20.00	6.93	-25.57	-56.31	-35.85
	1.00	LOCUS_47969.0_TRANSCRIPT_2	ID_23729	0.00	-2.28	-0.17	0.00	-2.13	-0.80
	1.00	LOCUS_47986.0_TRANSCRIPT_1	ID_23756	0.00	-0.93	-0.49	-0.42	-1.19	-0.88
	1.00	LOCUS_48016.0_TRANSCRIPT_9	ID_23796	0.00	-1.52	-0.27	-0.93	-2.68	-2.83
	1.00	LOCUS_48047.1_TRANSCRIPT_1	ID_23843	0.00	-3.90	1.27	-3.20	-5.78	-3.03
	1.00	LOCUS_48116.3_TRANSCRIPT_1	ID_23911	0.00	-1.14	0.58	-0.35	-1.57	-1.30
	1.00	LOCUS_48160.0_TRANSCRIPT_2	ID_23977	0.00	-0.95	-0.04	-0.15	-1.25	-0.49
	1.00	LOCUS_48161.1_TRANSCRIPT_1	ID_23979	0.00	-20.61	-11.40	-8.59	-28.15	-22.73
	1.00	LOCUS_48269.0_TRANSCRIPT_5	ID_24144	0.00	-2.13	-1.50	-1.21	-3.70	-2.34
	1.00	LOCUS_48332.1_TRANSCRIPT_4	ID_24224	0.00	-21.31	-5.71	-14.33	-42.03	-18.95
	1.00	LOCUS_48347.0_TRANSCRIPT_1	ID_24239	0.00	-45.49	-5.84	-42.58	-66.57	-58.63
	1.00	LOCUS_48371.1_TRANSCRIPT_2	ID_24275	0.00	-11.75	-2.99	-6.43	-13.57	-13.15
	1.00	LOCUS_48400.0_TRANSCRIPT_2	ID_24314	0.00	-2.90	1.23	-0.72	-3.73	-2.64
	1.00	LOCUS_48421.0_TRANSCRIPT_1	ID_24349	0.00	-24.77	-3.28	-1.68	-32.12	-16.19
	1.00	LOCUS_48437.0_TRANSCRIPT_1	ID_24376	0.00	-70.87	18.48	-60.53	-124.22	-86.91
	1.00	LOCUS_48474.0_TRANSCRIPT_1	ID_24427	0.00	-221.33	-86.89	-167.07	-337.12	-202.16
	1.00	LOCUS_48506.0_TRANSCRIPT_1	ID_24467	0.00	-10.46	2.30	0.85	-11.05	-10.34
	1.00	LOCUS_48545.1_TRANSCRIPT_1	ID_24516	0.00	-3.75	-2.58	-0.80	-7.10	-4.24
	1.00	LOCUS_48625.2_TRANSCRIPT_3	ID_24637	0.00	-18.25	9.92	-5.82	-25.38	-14.97
	1.00	LOCUS_48643.0_TRANSCRIPT_1	ID_24654	0.00	-58.99	-1.81	-10.42	-85.73	-71.38
	1.00	LOCUS_48646.1_TRANSCRIPT_1	ID_24666	0.00	-12.30	-5.53	-9.61	-16.51	-13.56
	1.00	LOCUS_48733.0_TRANSCRIPT_7	ID_24792	0.00	-0.95	0.70	0.36	-0.92	-0.76
	1.00	LOCUS_48736.2_TRANSCRIPT_1	ID_24800	0.00	-2.28	2.73	1.65	-4.33	-3.27
	1.00	LOCUS_48804.0_TRANSCRIPT_1	ID_24893	0.00	-0.51	0.50	-0.30	-0.99	-0.77
	1.00	LOCUS_48810.0_TRANSCRIPT_1	ID_24899	0.00	-27.46	-3.05	-21.85	-82.30	-62.55
	1.00	LOCUS_49169.1_TRANSCRIPT_3	ID_25368	0.00	-0.81	-0.45	-0.78	-1.56	-0.78
	1.00	LOCUS_49184.0_TRANSCRIPT_6	ID_25403	0.00	-45.09	-43.78	-17.81	-84.35	-66.88
	1.00	LOCUS_49207.0_TRANSCRIPT_2	ID_25434	0.00	-5.30	-0.72	-1.65	-5.75	-3.24
	1.00	LOCUS_49295.0_TRANSCRIPT_5	ID_25577	0.00	-0.25	0.79	0.65	-0.64	0.05
	1.00	LOCUS_49330.1_TRANSCRIPT_1	ID_25658	0.00	0.05	0.52	-0.18	-1.85	-1.04
	1.00	LOCUS_49353.0_TRANSCRIPT_5	ID_25687	0.00	-0.88	-0.13	-0.60	-1.19	-0.42
	1.00	LOCUS_49406.0_TRANSCRIPT_1	ID_25760	0.00	-2.77	-0.94	1.62	-4.73	-5.91
	1.00	LOCUS_49633.1_TRANSCRIPT_1	ID_26061	0.00	-1.89	1.10	-0.06	-2.24	-0.43
	1.00	LOCUS_49639.0_TRANSCRIPT_5	ID_26073	0.00	-0.68	-0.51	-0.52	-1.35	-0.95
	1.00	LOCUS_49713.0_TRANSCRIPT_1	ID_26151	0.00	-33.60	-14.55	-13.92	-34.01	-21.73
	1.00	LOCUS_49779.2_TRANSCRIPT_1	ID_26237	0.00	-4.67	0.84	-2.86	-7.70	-3.42
	1.00	LOCUS_49782.0_TRANSCRIPT_1	ID_26244	0.00	-62.42	-21.16	-38.09	-97.70	-108.88
	1.00	LOCUS_49804.0_TRANSCRIPT_1	ID_26271	0.00	-1.18	-0.66	-0.35	-1.65	-1.23
	1.00	LOCUS_49820.3_TRANSCRIPT_5	ID_26293	0.00	0.06	0.07	0.37	-2.16	-2.04
	1.00	LOCUS_49892.2_TRANSCRIPT_3	ID_26402	0.00	-1.76	0.01	-0.59	-1.95	-0.82
	1.00	LOCUS_50127.2_TRANSCRIPT_1	ID_26748	0.00	-186.14	13.05	-148.52	-262.02	-213.57
	1.00	LOCUS_50204.0_TRANSCRIPT_2	ID_26865	0.00	-0.24	0.53	0.30	-0.55	0.07
	1.00	LOCUS_50339.0_TRANSCRIPT_3	ID_27100	0.00	-2.17	0.93	-0.04	-2.02	-0.74
	1.00	LOCUS_50429.0_TRANSCRIPT_9	ID_27231	0.00	-3.18	1.85	-1.72	-5.03	-2.94
	1.00	LOCUS_50477.0_TRANSCRIPT_2	ID_27297	0.00	-4.14	-1.21	-2.32	-5.27	-3.50
	1.00	LOCUS_50590.0_TRANSCRIPT_1	ID_27464	0.00	-0.87	-0.12	-0.43	-2.39	-1.06
	1.00	LOCUS_50664.1_TRANSCRIPT_2	ID_27569	0.00	-0.20	-1.65	1.31	-5.30	-4.78
	1.00	LOCUS_50714.0_TRANSCRIPT_2	ID_27636	0.00	-65.36	49.18	-8.08	-87.15	-71.39
	1.00	LOCUS_50726.0_TRANSCRIPT_2	ID_27645	0.00	-10.41	1.86	-2.28	-10.03	-3.89
	1.00	LOCUS_50757.0_TRANSCRIPT_2	ID_27671	0.00	-52.54	39.62	8.13	-91.34	-51.20
	1.00	LOCUS_50773.0_TRANSCRIPT_1	ID_27693	0.00	-5.70	6.27	5.08	-9.32	-9.23
	1.00	LOCUS_50836.0_TRANSCRIPT_8	ID_27800	0.00	-1.48	-0.45	-0.71	-2.08	-0.93
	1.00	LOCUS_50898.0_TRANSCRIPT_2	ID_27893	0.00	-7.23	3.12	1.70	-6.51	-4.07
	1.00	LOCUS_50906.0_TRANSCRIPT_2	ID_27901	0.00	-55.12	13.10	14.26	-76.62	-41.21
	1.00	LOCUS_50915.2_TRANSCRIPT_1	ID_27913	0.00	-1.78	0.13	-0.39	-1.97	-1.03
	1.00	LOCUS_51117.2_TRANSCRIPT_2	ID_28178	0.00	-3.34	1.01	-1.79	-4.25	-3.40
	1.00	LOCUS_51132.1_TRANSCRIPT_4	ID_28206	0.00	-0.46	0.38	-0.10	-0.69	-0.33
	1.00	LOCUS_51178.2_TRANSCRIPT_4	ID_28265	0.00	-4.04	2.57	-1.18	-7.14	-3.80
	1.00	LOCUS_51279.0_TRANSCRIPT_1	ID_28397	0.00	-14.82	-3.73	-13.52	-24.45	-19.63
	1.00	LOCUS_51356.0_TRANSCRIPT_1	ID_28478	0.00	-36.48	-3.21	-11.13	-35.76	-28.74
	1.00	LOCUS_51369.0_TRANSCRIPT_3	ID_28496	0.00	-17.59	-9.52	-7.90	-21.17	-15.40
	1.00	LOCUS_51405.3_TRANSCRIPT_4	ID_28548	0.00	-114.75	-64.49	-74.45	-193.22	-169.77
	1.00	LOCUS_51463.0_TRANSCRIPT_1	ID_28606	0.00	-67.24	-42.21	-33.76	-95.32	-57.40
	1.00	LOCUS_51486.0_TRANSCRIPT_1	ID_28628	0.00	-28.41	-4.42	-17.58	-43.15	-38.81
	1.00	LOCUS_51589.0_TRANSCRIPT_1	ID_28724	0.00	-12.80	-1.77	-11.67	-22.76	-22.33
	1.00	LOCUS_52181.0_TRANSCRIPT_1	ID_29036	0.00	-0.97	0.65	0.47	-0.91	-0.29
	1.00	LOCUS_8270.0_TRANSCRIPT_1	ID_32896	0.00	-1.59	-0.60	-0.90	-1.92	-2.05
	1.00	LOCUS_9922.0_TRANSCRIPT_1	ID_33212	0.00	-0.86	0.09	-0.02	-1.05	-0.40
	1.00	LOCUS_51066.0_TRANSCRIPT_10	ID_35675	0.00	-0.82	0.26	-0.46	-1.26	-0.26
