Gene Table for Profile 6 (0.0,-2.0,0.0,-1.0,-1.0,-1.0)
Num. Genes Expected	Num. Genes Assigned	P-Value	Significant
542.0	367.1	4.9E-18	 (significant)
-------
Selected	Weight	transcript	SPOT	avg_norm_count_0d	avg_norm_count_1d	avg_norm_count_3d	avg_norm_count_5d	avg_norm_count_7d	avg_norm_count_9d
	1.00	LOCUS_10110.0_TRANSCRIPT_1	ID_45	0.00	-1.01	0.64	-0.19	-0.16	-0.36
	1.00	LOCUS_10148.0_TRANSCRIPT_1	ID_59	0.00	-3.68	-0.59	-2.14	-2.53	-2.00
	1.00	LOCUS_10166.0_TRANSCRIPT_1	ID_63	0.00	-1.25	0.05	-0.75	-1.37	-1.17
	1.00	LOCUS_10199.0_TRANSCRIPT_1	ID_84	0.00	-1.49	-0.06	-1.35	-1.70	-0.76
	1.00	LOCUS_10784.0_TRANSCRIPT_1	ID_359	0.00	-0.96	-0.12	-0.72	-1.02	-0.73
	1.00	LOCUS_11178.0_TRANSCRIPT_1	ID_549	0.00	-2,335.06	-420.44	-494.82	-918.27	-842.28
	1.00	LOCUS_11196.0_TRANSCRIPT_1	ID_557	0.00	-93.17	-5.23	-54.03	-66.25	-43.45
	1.00	LOCUS_11207.0_TRANSCRIPT_1	ID_561	0.00	-489.42	-115.10	-418.61	-362.41	-269.53
	1.00	LOCUS_11725.0_TRANSCRIPT_1	ID_790	0.00	-1.13	1.19	-0.86	-1.03	-0.63
	1.00	LOCUS_11834.0_TRANSCRIPT_1	ID_841	0.00	-2.39	-0.42	-1.98	-2.58	-2.89
	1.00	LOCUS_11879.0_TRANSCRIPT_1	ID_858	0.00	-3.78	-1.25	-3.41	-4.25	-3.13
	1.00	LOCUS_11947.0_TRANSCRIPT_1	ID_886	0.00	-3.18	1.35	-0.33	-1.35	-0.24
	1.00	LOCUS_12191.0_TRANSCRIPT_1	ID_1009	0.00	-9.92	8.42	-5.36	-6.73	-6.86
	1.00	LOCUS_12278.0_TRANSCRIPT_1	ID_1045	0.00	-1.24	-0.45	-1.01	-0.82	-0.72
	1.00	LOCUS_12315.0_TRANSCRIPT_1	ID_1063	0.00	-2.82	0.65	-1.83	-2.84	-0.45
	1.00	LOCUS_12414.1_TRANSCRIPT_1	ID_1098	0.00	-43.82	-1.22	-33.09	-31.07	-50.35
	1.00	LOCUS_12424.0_TRANSCRIPT_1	ID_1103	0.00	-23.13	-6.50	-7.29	-15.47	-7.54
	1.00	LOCUS_12458.0_TRANSCRIPT_1	ID_1125	0.00	-5.64	-0.67	-5.26	-5.27	-4.86
	1.00	LOCUS_12516.0_TRANSCRIPT_1	ID_1152	0.00	-9.54	2.52	-4.29	-8.10	-3.13
	1.00	LOCUS_12530.0_TRANSCRIPT_1	ID_1158	0.00	-610.22	-266.93	-371.67	-415.52	-362.34
	1.00	LOCUS_12550.0_TRANSCRIPT_1	ID_1168	0.00	-14.97	0.85	-5.68	-11.08	-2.91
	1.00	LOCUS_12561.1_TRANSCRIPT_1	ID_1178	0.00	-126,776.17	-11,048.32	-31,178.64	-59,940.97	-76,538.98
	1.00	LOCUS_12671.1_TRANSCRIPT_1	ID_1251	0.00	-57.95	-10.20	-39.37	-54.19	-33.42
	1.00	LOCUS_12723.0_TRANSCRIPT_1	ID_1283	0.00	-40.01	-9.66	-35.75	-48.30	-42.79
	1.00	LOCUS_12876.0_TRANSCRIPT_1	ID_1369	0.00	-27.32	-5.76	-13.89	-25.44	-16.86
	1.00	LOCUS_12962.0_TRANSCRIPT_1	ID_1420	0.00	-13.20	14.70	-2.33	-1.28	3.89
	1.00	LOCUS_13019.0_TRANSCRIPT_1	ID_1454	0.00	-18.36	13.60	-1.35	-15.30	-3.05
	1.00	LOCUS_13091.0_TRANSCRIPT_1	ID_1493	0.00	-15.90	5.90	-1.62	-11.61	-5.38
	1.00	LOCUS_13177.0_TRANSCRIPT_1	ID_1547	0.00	-41.44	-21.12	-30.46	-31.53	-27.25
	1.00	LOCUS_13692.0_TRANSCRIPT_1	ID_1663	0.00	-3.73	-1.45	-3.70	-4.90	-3.89
	1.00	LOCUS_14138.0_TRANSCRIPT_1	ID_1778	0.00	-0.95	0.77	-0.81	-0.91	-0.58
	1.00	LOCUS_14199.0_TRANSCRIPT_1	ID_1794	0.00	-2.11	-0.08	-1.37	-1.02	-1.60
	1.00	LOCUS_14251.0_TRANSCRIPT_1	ID_1808	0.00	-0.87	0.25	-0.28	-0.40	-0.10
	1.00	LOCUS_14670.0_TRANSCRIPT_1	ID_1922	0.00	-1.86	-0.80	-1.14	-1.14	-0.96
	1.00	LOCUS_14744.0_TRANSCRIPT_1	ID_1944	0.00	-0.64	0.42	-0.12	-0.32	-0.29
	1.00	LOCUS_15475.0_TRANSCRIPT_1	ID_2114	0.00	-1.59	0.16	-0.36	-1.35	-0.83
	1.00	LOCUS_15831.0_TRANSCRIPT_1	ID_2210	0.00	-0.96	0.26	-0.65	-1.18	-0.91
	1.00	LOCUS_15884.0_TRANSCRIPT_1	ID_2224	0.00	-1.39	-0.22	-0.87	-1.38	-0.83
	1.00	LOCUS_17061.0_TRANSCRIPT_1	ID_2506	0.00	-1.06	0.19	-1.04	-1.33	-0.54
	1.00	LOCUS_17640.0_TRANSCRIPT_1	ID_2629	0.00	-0.72	0.52	-0.26	-0.51	-0.21
	1.00	LOCUS_18053.0_TRANSCRIPT_1	ID_2733	0.00	-2.99	-1.37	-3.08	-3.22	-3.44
	1.00	LOCUS_18482.0_TRANSCRIPT_1	ID_2857	0.00	-4.81	-2.18	-3.77	-4.60	-2.89
	1.00	LOCUS_18537.0_TRANSCRIPT_1	ID_2874	0.00	-2.10	2.21	-1.36	-2.08	-1.09
	1.00	LOCUS_20033.0_TRANSCRIPT_1	ID_3300	0.00	-18.30	2.01	-18.68	-17.91	-16.60
	1.00	LOCUS_20191.0_TRANSCRIPT_1	ID_3347	0.00	-1.43	-0.15	-1.01	-1.46	-0.69
	1.00	LOCUS_21122.0_TRANSCRIPT_1	ID_3587	0.00	-1.49	0.05	-0.88	-0.29	-0.47
	1.00	LOCUS_21209.0_TRANSCRIPT_2	ID_3626	0.00	-53.67	-16.24	-34.99	-46.94	-26.26
	1.00	LOCUS_21308.0_TRANSCRIPT_1	ID_3662	0.00	-0.97	0.18	-0.73	-0.40	-0.12
	1.00	LOCUS_21431.0_TRANSCRIPT_1	ID_3704	0.00	-23,171.56	-10,302.95	-18,508.59	-24,119.61	-21,336.18
	1.00	LOCUS_21508.0_TRANSCRIPT_1	ID_3729	0.00	-0.47	0.54	-0.19	-0.20	-0.16
	1.00	LOCUS_21561.0_TRANSCRIPT_1	ID_3750	0.00	-55.06	14.86	-43.16	-22.67	-51.49
	1.00	LOCUS_21580.0_TRANSCRIPT_1	ID_3759	0.00	-1.52	0.79	-0.95	-1.16	0.11
	1.00	LOCUS_21651.0_TRANSCRIPT_1	ID_3792	0.00	-0.90	0.26	-0.46	-0.01	-0.53
	1.00	LOCUS_22033.0_TRANSCRIPT_1	ID_3959	0.00	-7.39	0.83	-6.09	-7.60	-8.70
	1.00	LOCUS_22384.0_TRANSCRIPT_1	ID_4093	0.00	-1.07	0.05	-0.85	-0.82	-1.06
	1.00	LOCUS_22561.0_TRANSCRIPT_1	ID_4162	0.00	-42.85	16.33	-8.04	-32.17	-7.41
	1.00	LOCUS_22654.0_TRANSCRIPT_1	ID_4207	0.00	-26.16	-3.01	-15.87	-15.93	-6.92
	1.00	LOCUS_22990.0_TRANSCRIPT_1	ID_4333	0.00	-29.63	-10.31	-18.73	-11.93	-16.21
	1.00	LOCUS_23106.0_TRANSCRIPT_1	ID_4385	0.00	-35.68	4.68	-16.68	-32.85	-16.25
	1.00	LOCUS_23215.0_TRANSCRIPT_1	ID_4425	0.00	-29.35	-11.79	-18.41	-17.11	-11.88
	1.00	LOCUS_23347.0_TRANSCRIPT_1	ID_4469	0.00	-30.19	11.38	-6.45	-17.92	-20.63
	1.00	LOCUS_23351.0_TRANSCRIPT_1	ID_4472	0.00	-1.39	-0.66	-0.56	-0.62	-0.78
	1.00	LOCUS_23485.0_TRANSCRIPT_1	ID_4528	0.00	-0.58	0.43	-0.15	-0.22	-0.47
	1.00	LOCUS_23824.0_TRANSCRIPT_2	ID_4653	0.00	-1.23	0.67	-0.30	-1.02	-0.16
	1.00	LOCUS_23926.0_TRANSCRIPT_1	ID_4688	0.00	-43.32	-18.14	-35.28	-43.19	-32.41
	1.00	LOCUS_23935.0_TRANSCRIPT_1	ID_4694	0.00	-1.86	-0.05	-1.85	-1.79	-1.23
	1.00	LOCUS_24123.0_TRANSCRIPT_1	ID_4751	0.00	-2.03	0.41	-1.79	-1.27	-1.36
	1.00	LOCUS_24340.0_TRANSCRIPT_1	ID_4819	0.00	-1.19	-0.54	-0.83	-1.11	-0.93
	1.00	LOCUS_24385.0_TRANSCRIPT_1	ID_4832	0.00	-1.69	-0.26	-1.74	-1.72	-2.13
	1.00	LOCUS_24766.0_TRANSCRIPT_1	ID_4957	0.00	-1.03	-0.45	-0.85	-0.78	-0.74
	1.00	LOCUS_24811.0_TRANSCRIPT_1	ID_4976	0.00	-0.67	0.81	-0.16	0.09	0.27
	1.00	LOCUS_24961.0_TRANSCRIPT_1	ID_5025	0.00	-2.05	-0.18	-1.03	-1.98	-1.53
	1.00	LOCUS_25092.0_TRANSCRIPT_1	ID_5059	0.00	-2.27	0.06	-0.94	-1.83	-1.73
	1.00	LOCUS_25104.0_TRANSCRIPT_1	ID_5065	0.00	-0.88	0.41	-0.67	-0.82	-0.78
	1.00	LOCUS_25864.0_TRANSCRIPT_1	ID_5338	0.00	-3.34	-0.95	-3.16	-3.12	-4.13
	1.00	LOCUS_25871.0_TRANSCRIPT_1	ID_5343	0.00	-2.00	1.61	0.05	-1.31	-0.26
	1.00	LOCUS_25916.0_TRANSCRIPT_1	ID_5361	0.00	-1.09	0.12	-0.48	-0.28	-0.88
	1.00	LOCUS_26008.0_TRANSCRIPT_2	ID_5400	0.00	-1.48	-0.69	-1.41	-1.51	-1.36
	1.00	LOCUS_26103.0_TRANSCRIPT_1	ID_5433	0.00	-1.43	-0.44	-1.45	-1.52	-1.61
	1.00	LOCUS_26233.0_TRANSCRIPT_1	ID_5480	0.00	-0.86	0.19	-0.30	-0.61	-0.04
	1.00	LOCUS_26323.0_TRANSCRIPT_1	ID_5508	0.00	-19.95	-4.07	-14.49	-15.43	-13.79
	1.00	LOCUS_26340.0_TRANSCRIPT_1	ID_5520	0.00	-1.21	0.14	0.05	-0.72	-0.47
	1.00	LOCUS_26792.0_TRANSCRIPT_1	ID_5707	0.00	-53.38	-6.98	-5.28	-24.55	-33.53
	1.00	LOCUS_26813.0_TRANSCRIPT_1	ID_5716	0.00	-4.45	1.55	-3.37	-2.19	-2.84
	1.00	LOCUS_26915.0_TRANSCRIPT_1	ID_5761	0.00	-1.90	0.09	-1.80	-1.77	-2.09
	1.00	LOCUS_26947.0_TRANSCRIPT_1	ID_5771	0.00	-3.56	1.37	-1.17	-1.86	-0.24
	1.00	LOCUS_27191.0_TRANSCRIPT_1	ID_5882	0.00	-1.54	-0.75	-1.38	-1.25	-1.43
	1.00	LOCUS_27201.0_TRANSCRIPT_1	ID_5888	0.00	-34.41	-10.67	-13.41	-17.57	-16.33
	1.00	LOCUS_27506.0_TRANSCRIPT_1	ID_6053	0.00	-0.84	1.05	-0.13	-0.16	-0.10
	1.00	LOCUS_27692.0_TRANSCRIPT_1	ID_6149	0.00	-60.40	-25.27	-39.44	-53.48	-45.74
	1.00	LOCUS_28000.0_TRANSCRIPT_1	ID_6293	0.00	-1.17	0.67	-0.88	-0.93	-1.19
	1.00	LOCUS_28123.0_TRANSCRIPT_1	ID_6344	0.00	-66.43	-26.52	-32.32	-58.29	-44.85
	1.00	LOCUS_28241.0_TRANSCRIPT_1	ID_6396	0.00	-0.91	0.20	-0.39	-0.25	-0.25
	1.00	LOCUS_28440.0_TRANSCRIPT_1	ID_6483	0.00	-3.04	-0.59	-0.96	-2.43	-1.70
	1.00	LOCUS_28666.0_TRANSCRIPT_1	ID_6580	0.00	-0.90	-0.20	-1.00	-0.97	-1.05
	1.00	LOCUS_28691.0_TRANSCRIPT_1	ID_6596	0.00	-6.36	-0.16	-5.78	-6.06	-3.84
	1.00	LOCUS_28827.0_TRANSCRIPT_1	ID_6663	0.00	-0.96	0.44	-0.82	-0.64	-0.45
	1.00	LOCUS_28897.0_TRANSCRIPT_1	ID_6699	0.00	-2.93	-0.28	-2.76	-3.06	-2.41
	1.00	LOCUS_28967.0_TRANSCRIPT_1	ID_6730	0.00	-0.81	0.35	-0.60	-0.93	-0.29
	1.00	LOCUS_29474.0_TRANSCRIPT_1	ID_6956	0.00	-9.39	-0.91	-2.63	-8.37	-3.24
	1.00	LOCUS_29488.0_TRANSCRIPT_1	ID_6968	0.00	-149.37	0.32	-5.95	-95.06	-35.45
	1.00	LOCUS_29518.0_TRANSCRIPT_1	ID_6986	0.00	-113.53	-28.05	-104.98	-112.17	-102.71
	1.00	LOCUS_29786.0_TRANSCRIPT_1	ID_7108	0.00	-2.65	2.69	-1.85	-1.76	-0.83
	1.00	LOCUS_29876.0_TRANSCRIPT_1	ID_7141	0.00	-0.78	0.27	-0.62	-0.53	-0.47
	1.00	LOCUS_29931.0_TRANSCRIPT_1	ID_7169	0.00	-73.16	-0.82	-23.18	-47.54	-14.84
	1.00	LOCUS_29988.0_TRANSCRIPT_1	ID_7199	0.00	-28.68	-13.21	-21.47	-19.75	-19.03
	1.00	LOCUS_30204.0_TRANSCRIPT_1	ID_7306	0.00	-69.58	-2.81	-33.17	-54.02	-12.36
	1.00	LOCUS_30671.0_TRANSCRIPT_1	ID_7575	0.00	-4.92	0.07	-3.43	-5.61	-2.30
	1.00	LOCUS_30816.0_TRANSCRIPT_1	ID_7655	0.00	-2.74	1.29	-0.70	0.07	-2.23
	1.00	LOCUS_30819.0_TRANSCRIPT_1	ID_7657	0.00	-6.49	-0.14	-4.04	-4.04	-4.04
	1.00	LOCUS_31099.0_TRANSCRIPT_1	ID_7818	0.00	-0.98	0.14	-0.82	-1.05	-0.50
	1.00	LOCUS_31125.0_TRANSCRIPT_1	ID_7835	0.00	-3.76	0.78	-1.87	-3.87	-3.00
	1.00	LOCUS_31321.0_TRANSCRIPT_1	ID_7963	0.00	-2.75	0.68	-2.42	-1.18	-2.61
	1.00	LOCUS_31417.0_TRANSCRIPT_1	ID_8018	0.00	-1.17	0.47	-0.09	-0.07	0.05
	1.00	LOCUS_31464.0_TRANSCRIPT_1	ID_8051	0.00	-5.57	-2.03	-2.08	-4.37	-3.41
	1.00	LOCUS_31558.1_TRANSCRIPT_1	ID_8109	0.00	-22.67	-2.55	-22.83	-22.88	-25.42
	1.00	LOCUS_31600.0_TRANSCRIPT_1	ID_8141	0.00	-1.55	0.26	-1.41	-1.87	-1.14
	1.00	LOCUS_31858.0_TRANSCRIPT_2	ID_8294	0.00	-1.32	-0.30	-1.37	-1.26	-1.29
	1.00	LOCUS_32029.0_TRANSCRIPT_1	ID_8396	0.00	-46.31	-17.07	-35.18	-21.61	-23.96
	1.00	LOCUS_32212.0_TRANSCRIPT_1	ID_8487	0.00	-0.70	0.62	-0.20	-0.37	-0.22
	1.00	LOCUS_32346.0_TRANSCRIPT_1	ID_8554	0.00	-28.16	26.00	-8.31	-21.56	-10.32
	1.00	LOCUS_32544.0_TRANSCRIPT_2	ID_8645	0.00	-4.34	1.21	-1.90	-0.72	-1.05
	1.00	LOCUS_33004.0_TRANSCRIPT_1	ID_8924	0.00	-0.69	0.44	0.01	-0.08	0.00
	1.00	LOCUS_33202.0_TRANSCRIPT_1	ID_9051	0.00	-0.65	0.43	-0.38	-0.03	-0.15
	1.00	LOCUS_33204.0_TRANSCRIPT_1	ID_9052	0.00	-17.69	8.51	-13.21	-12.03	-14.96
	1.00	LOCUS_33230.0_TRANSCRIPT_1	ID_9069	0.00	-3.24	-1.46	-2.42	-3.13	-3.68
	1.00	LOCUS_33350.0_TRANSCRIPT_2	ID_9163	0.00	-1.77	0.43	-1.61	-1.75	-0.57
	1.00	LOCUS_33486.0_TRANSCRIPT_2	ID_9249	0.00	-3.18	0.42	-2.87	-0.62	-3.12
	1.00	LOCUS_33577.0_TRANSCRIPT_1	ID_9310	0.00	-0.70	0.69	-0.42	-0.23	0.15
	1.00	LOCUS_33783.0_TRANSCRIPT_1	ID_9439	0.00	-20.95	-8.30	-9.81	-9.22	-10.93
	1.00	LOCUS_33866.0_TRANSCRIPT_1	ID_9491	0.00	-5.65	0.68	-3.88	-6.14	-4.58
	1.00	LOCUS_33982.0_TRANSCRIPT_1	ID_9568	0.00	-1.92	-0.39	-2.01	-2.38	-2.13
	1.00	LOCUS_34069.0_TRANSCRIPT_1	ID_9632	0.00	-0.74	0.74	-0.49	-0.72	-0.38
	1.00	LOCUS_34093.1_TRANSCRIPT_1	ID_9649	0.00	-0.73	0.29	-0.66	-0.64	-0.64
	1.00	LOCUS_34132.0_TRANSCRIPT_1	ID_9677	0.00	-2.99	0.60	-2.71	-3.64	-1.97
	1.00	LOCUS_34186.0_TRANSCRIPT_1	ID_9704	0.00	-0.66	0.74	-0.41	-0.07	0.19
	1.00	LOCUS_34633.0_TRANSCRIPT_1	ID_10013	0.00	-26.74	-6.61	-9.77	-14.79	-10.19
	1.00	LOCUS_34672.0_TRANSCRIPT_1	ID_10042	0.00	-1.75	-0.15	-0.41	-0.83	-0.44
	1.00	LOCUS_34674.0_TRANSCRIPT_1	ID_10044	0.00	-4.48	6.02	-2.61	-2.85	-1.47
	1.00	LOCUS_34783.0_TRANSCRIPT_1	ID_10111	0.00	-2.49	1.73	-1.68	-1.84	-0.94
	1.00	LOCUS_34835.0_TRANSCRIPT_1	ID_10144	0.00	-1.44	0.07	-1.18	-1.27	-1.04
	1.00	LOCUS_34913.0_TRANSCRIPT_1	ID_10196	0.00	-1.01	-0.01	-0.52	-0.92	-0.64
	1.00	LOCUS_34940.0_TRANSCRIPT_1	ID_10213	0.00	-1.90	1.03	-0.89	-1.25	-1.05
	1.00	LOCUS_34969.0_TRANSCRIPT_2	ID_10237	0.00	-6.15	0.49	-3.15	-6.60	-3.10
	1.00	LOCUS_35156.0_TRANSCRIPT_1	ID_10367	0.00	-35.20	0.20	-13.83	-26.42	-11.36
	1.00	LOCUS_35236.0_TRANSCRIPT_1	ID_10418	0.00	-2.82	-0.92	-2.33	-2.43	-3.13
	1.00	LOCUS_35264.0_TRANSCRIPT_1	ID_10438	0.00	-4.81	-0.03	-3.88	-4.45	-1.08
	1.00	LOCUS_35289.0_TRANSCRIPT_1	ID_10456	0.00	-7.36	-2.19	-6.93	-8.52	-8.48
	1.00	LOCUS_35294.0_TRANSCRIPT_1	ID_10458	0.00	-0.86	-0.28	-0.83	-0.87	-1.01
	1.00	LOCUS_35311.0_TRANSCRIPT_1	ID_10468	0.00	-1.89	-0.32	-1.49	-1.63	-1.49
	1.00	LOCUS_35378.0_TRANSCRIPT_1	ID_10518	0.00	-1.30	-0.04	-0.78	-1.40	-0.63
	1.00	LOCUS_35529.0_TRANSCRIPT_1	ID_10633	0.00	-5.79	-0.73	-3.69	-4.89	-2.17
	1.00	LOCUS_35565.0_TRANSCRIPT_1	ID_10657	0.00	-3.51	1.83	-1.58	0.04	-2.06
	1.00	LOCUS_35636.0_TRANSCRIPT_1	ID_10720	0.00	-1.56	-0.39	-1.17	-1.64	-0.94
	1.00	LOCUS_35685.0_TRANSCRIPT_1	ID_10768	0.00	-2.04	-0.96	-1.69	-1.97	-1.62
	1.00	LOCUS_35689.0_TRANSCRIPT_1	ID_10771	0.00	-5.92	-0.32	-4.47	-7.00	-6.23
	1.00	LOCUS_35738.0_TRANSCRIPT_1	ID_10810	0.00	-1.47	-0.10	-0.41	-0.99	-0.87
	1.00	LOCUS_35750.0_TRANSCRIPT_1	ID_10821	0.00	-14.70	1.65	0.19	-8.03	-4.58
	1.00	LOCUS_35862.0_TRANSCRIPT_1	ID_10912	0.00	-3.63	-0.08	-2.37	-2.49	-1.82
	1.00	LOCUS_35964.0_TRANSCRIPT_2	ID_11004	0.00	-1.04	-0.07	-0.63	-1.09	-0.63
	1.00	LOCUS_36006.0_TRANSCRIPT_1	ID_11036	0.00	-1,160.64	300.02	-653.08	-1,003.23	-1,075.64
	1.00	LOCUS_36056.0_TRANSCRIPT_1	ID_11080	0.00	-527.68	-289.12	-341.12	-324.30	-389.60
	1.00	LOCUS_36062.0_TRANSCRIPT_1	ID_11086	0.00	-1.65	-0.13	-1.19	-1.15	-1.43
	1.00	LOCUS_36062.1_TRANSCRIPT_1	ID_11087	0.00	-2.73	-1.02	-2.02	-1.31	-1.63
	1.00	LOCUS_36095.0_TRANSCRIPT_1	ID_11115	0.00	-1.27	1.25	-0.86	-1.13	-1.01
	1.00	LOCUS_36133.0_TRANSCRIPT_1	ID_11152	0.00	-7.60	-1.40	-5.18	-6.47	-6.62
	1.00	LOCUS_36133.0_TRANSCRIPT_2	ID_11153	0.00	-6.09	-3.08	-5.54	-5.27	-5.58
	1.00	LOCUS_36168.0_TRANSCRIPT_1	ID_11178	0.00	-1.62	-0.15	-1.30	-1.30	-1.76
	1.00	LOCUS_36205.0_TRANSCRIPT_1	ID_11206	0.00	-6.94	-1.20	-5.68	-7.72	-7.27
	1.00	LOCUS_36225.0_TRANSCRIPT_1	ID_11218	0.00	-3.70	-1.57	-1.13	-0.79	-2.18
	1.00	LOCUS_36284.0_TRANSCRIPT_1	ID_11267	0.00	-2.64	-0.08	-1.91	-1.13	-1.28
	1.00	LOCUS_36369.0_TRANSCRIPT_1	ID_11340	0.00	-276.17	-116.61	-128.58	-105.69	-118.15
	1.00	LOCUS_36557.0_TRANSCRIPT_1	ID_11478	0.00	-4.09	-1.30	-2.52	-4.04	-3.37
	1.00	LOCUS_36586.0_TRANSCRIPT_1	ID_11498	0.00	-1.79	0.60	-0.51	-0.45	-0.50
	1.00	LOCUS_36604.0_TRANSCRIPT_1	ID_11513	0.00	-2.72	-0.98	-2.91	-2.99	-2.92
	1.00	LOCUS_36636.0_TRANSCRIPT_1	ID_11538	0.00	-231.21	-27.68	-41.40	-23.46	-60.40
	1.00	LOCUS_36677.0_TRANSCRIPT_1	ID_11571	0.00	-15.80	-3.71	-10.95	-10.10	-9.86
	1.00	LOCUS_36679.0_TRANSCRIPT_1	ID_11573	0.00	-44.91	-12.59	-15.53	-8.60	-19.68
	1.00	LOCUS_36696.0_TRANSCRIPT_2	ID_11584	0.00	-3.56	2.83	-2.77	-2.83	-3.04
	1.00	LOCUS_36747.0_TRANSCRIPT_1	ID_11626	0.00	-2.95	-1.08	-2.77	-2.37	-2.21
	1.00	LOCUS_36964.0_TRANSCRIPT_1	ID_11793	0.00	-2.87	0.12	-2.60	-1.89	-1.67
	1.00	LOCUS_37000.0_TRANSCRIPT_1	ID_11823	0.00	-1.70	-0.16	-1.83	-1.67	-1.79
	1.00	LOCUS_37189.0_TRANSCRIPT_1	ID_11965	0.00	-10.42	4.91	-2.36	-8.13	-3.97
	1.00	LOCUS_37360.0_TRANSCRIPT_1	ID_12111	0.00	-1.70	0.09	-1.76	-1.70	-1.57
	1.00	LOCUS_37418.0_TRANSCRIPT_1	ID_12154	0.00	-33.67	40.81	-11.20	-16.27	-10.06
	1.00	LOCUS_37429.0_TRANSCRIPT_1	ID_12165	0.00	-3.60	-1.62	-1.93	-3.31	-2.53
	1.00	LOCUS_37502.0_TRANSCRIPT_1	ID_12225	0.00	-48.62	13.00	-21.56	-27.61	-32.97
	1.00	LOCUS_37537.0_TRANSCRIPT_1	ID_12250	0.00	-1.73	-0.32	-1.66	-1.45	-1.52
	1.00	LOCUS_37646.0_TRANSCRIPT_1	ID_12343	0.00	-13.86	-6.05	-7.40	-9.28	-9.14
	1.00	LOCUS_37679.0_TRANSCRIPT_1	ID_12365	0.00	-0.84	0.22	-0.74	-0.50	-0.62
	1.00	LOCUS_37695.0_TRANSCRIPT_1	ID_12377	0.00	-2.09	-0.48	-1.92	-2.36	-1.46
	1.00	LOCUS_37808.0_TRANSCRIPT_1	ID_12468	0.00	-3.07	0.90	0.20	-2.10	-0.79
	1.00	LOCUS_37860.0_TRANSCRIPT_2	ID_12510	0.00	-1.31	0.92	-0.74	-0.32	-0.95
	1.00	LOCUS_38038.0_TRANSCRIPT_1	ID_12659	0.00	-401.43	17.37	-130.91	-221.79	-363.09
	1.00	LOCUS_38045.0_TRANSCRIPT_1	ID_12665	0.00	-14.44	14.80	-5.34	-13.53	-7.61
	1.00	LOCUS_38096.0_TRANSCRIPT_1	ID_12707	0.00	-2.79	1.57	-2.09	-3.36	-2.25
	1.00	LOCUS_38244.0_TRANSCRIPT_1	ID_12849	0.00	-17.09	-5.39	-9.56	-8.03	-8.78
	1.00	LOCUS_38365.0_TRANSCRIPT_1	ID_12957	0.00	-6.93	0.26	-1.97	-5.79	-4.27
	1.00	LOCUS_38424.0_TRANSCRIPT_1	ID_13004	0.00	-1.73	0.32	-1.77	-2.41	-1.16
	1.00	LOCUS_38440.0_TRANSCRIPT_1	ID_13017	0.00	-1.29	-0.28	-1.15	-1.64	-1.27
	1.00	LOCUS_38477.0_TRANSCRIPT_1	ID_13048	0.00	-1.10	0.14	-0.51	-0.83	-0.54
	1.00	LOCUS_38544.0_TRANSCRIPT_1	ID_13103	0.00	-1.17	-0.55	-1.07	-0.90	-0.95
	1.00	LOCUS_38615.0_TRANSCRIPT_1	ID_13158	0.00	-35.47	-3.05	-29.60	-40.50	-20.96
	1.00	LOCUS_38652.0_TRANSCRIPT_1	ID_13187	0.00	-10.21	-0.86	-5.70	-2.96	-6.51
	1.00	LOCUS_38655.0_TRANSCRIPT_1	ID_13189	0.00	-2.82	0.30	-1.58	-1.70	-0.85
	1.00	LOCUS_38662.1_TRANSCRIPT_1	ID_13196	0.00	-28.59	5.90	-9.08	-25.23	-4.87
	1.00	LOCUS_38663.0_TRANSCRIPT_1	ID_13197	0.00	-4.72	-1.77	-3.03	-1.69	-3.05
	1.00	LOCUS_38689.0_TRANSCRIPT_1	ID_13218	0.00	-5.73	1.87	-2.43	-4.90	-1.48
	1.00	LOCUS_38928.0_TRANSCRIPT_2	ID_13434	0.00	-0.76	0.24	-0.13	-0.69	-0.00
	1.00	LOCUS_38958.0_TRANSCRIPT_1	ID_13463	0.00	-3.00	-0.20	-2.67	-2.73	-1.83
	1.00	LOCUS_39049.3_TRANSCRIPT_1	ID_13538	0.00	-12.70	3.84	-5.14	-10.66	-5.78
	1.00	LOCUS_39071.0_TRANSCRIPT_2	ID_13559	0.00	-8.42	-0.74	-5.27	-9.18	-5.76
	1.00	LOCUS_39072.0_TRANSCRIPT_1	ID_13560	0.00	-5.30	1.37	-1.11	-4.71	-1.35
	1.00	LOCUS_39094.0_TRANSCRIPT_1	ID_13581	0.00	-3.20	-0.66	-2.82	-3.10	-3.18
	1.00	LOCUS_39129.0_TRANSCRIPT_2	ID_13619	0.00	-11.05	-2.05	-6.64	-11.24	-10.61
	1.00	LOCUS_39136.0_TRANSCRIPT_1	ID_13625	0.00	-31.11	7.63	-10.31	-15.03	3.86
	1.00	LOCUS_39202.0_TRANSCRIPT_1	ID_13679	0.00	-7.74	2.89	-2.22	-7.32	-6.56
	1.00	LOCUS_39233.0_TRANSCRIPT_1	ID_13708	0.00	-0.72	0.34	-0.41	-0.73	-0.58
	1.00	LOCUS_39265.1_TRANSCRIPT_1	ID_13741	0.00	-4.72	1.64	-2.18	-4.26	-2.68
	1.00	LOCUS_39335.0_TRANSCRIPT_1	ID_13801	0.00	-3.11	0.57	-1.11	-1.80	0.40
	1.00	LOCUS_39353.0_TRANSCRIPT_1	ID_13816	0.00	-3.45	3.54	-0.20	-2.34	-0.12
	1.00	LOCUS_39364.0_TRANSCRIPT_3	ID_13826	0.00	-17.31	-2.45	-16.55	-19.37	-21.32
	1.00	LOCUS_39416.0_TRANSCRIPT_1	ID_13882	0.00	-1.53	-0.14	-0.50	-0.87	-0.93
	1.00	LOCUS_39428.0_TRANSCRIPT_1	ID_13895	0.00	-3.50	3.15	-2.00	-2.08	-2.18
	1.00	LOCUS_39477.0_TRANSCRIPT_1	ID_13934	0.00	-47.83	2.90	-22.94	-38.60	-19.75
	1.00	LOCUS_39500.0_TRANSCRIPT_1	ID_13951	0.00	-3.73	-1.47	-3.60	-3.17	-4.26
	1.00	LOCUS_39595.0_TRANSCRIPT_1	ID_14043	0.00	-87.95	-40.30	-72.00	-103.00	-67.42
	1.00	LOCUS_39640.1_TRANSCRIPT_1	ID_14089	0.00	-3.15	-0.00	-1.85	-2.41	-2.56
	1.00	LOCUS_39832.0_TRANSCRIPT_2	ID_14257	0.00	-1.81	-0.64	-1.31	-0.56	-1.45
	1.00	LOCUS_40060.0_TRANSCRIPT_3	ID_14454	0.00	-0.89	0.36	-0.35	-0.43	-0.14
	1.00	LOCUS_40070.0_TRANSCRIPT_2	ID_14464	0.00	-2.17	0.04	-1.10	-0.61	-0.71
	1.00	LOCUS_40101.0_TRANSCRIPT_1	ID_14495	0.00	-49.54	2.24	-15.69	-32.51	-17.09
	1.00	LOCUS_40132.0_TRANSCRIPT_1	ID_14518	0.00	-64.11	-31.62	-45.33	-42.68	-42.79
	1.00	LOCUS_40153.0_TRANSCRIPT_1	ID_14534	0.00	-16.29	-6.31	-9.16	-14.62	-8.85
	1.00	LOCUS_40298.0_TRANSCRIPT_2	ID_14673	0.00	-7.21	-3.45	-5.82	-5.58	-6.10
	1.00	LOCUS_40305.0_TRANSCRIPT_1	ID_14679	0.00	-83.97	3.44	-59.97	-25.23	-32.67
	1.00	LOCUS_40334.1_TRANSCRIPT_1	ID_14709	0.00	-3.42	0.63	-3.64	-3.33	-3.49
	1.00	LOCUS_40422.0_TRANSCRIPT_1	ID_14791	0.00	-1.03	1.12	-0.74	-0.66	-0.43
	1.00	LOCUS_40438.0_TRANSCRIPT_1	ID_14805	0.00	-2.59	1.00	-2.22	-2.61	-2.08
	1.00	LOCUS_40484.0_TRANSCRIPT_1	ID_14848	0.00	-3.10	0.54	-1.17	-2.00	-2.98
	1.00	LOCUS_40487.0_TRANSCRIPT_1	ID_14851	0.00	-2.08	1.68	-0.82	-0.37	-1.29
	1.00	LOCUS_40540.0_TRANSCRIPT_1	ID_14904	0.00	-9.34	-2.65	-5.22	-5.22	-3.64
	1.00	LOCUS_40654.0_TRANSCRIPT_1	ID_15025	0.00	-33.76	11.73	-17.62	-27.87	-29.85
	1.00	LOCUS_40674.0_TRANSCRIPT_1	ID_15051	0.00	-31.65	-15.04	-17.88	-27.61	-19.67
	1.00	LOCUS_40731.0_TRANSCRIPT_2	ID_15113	0.00	-2.01	0.09	-0.25	-1.50	-1.28
	1.00	LOCUS_40743.0_TRANSCRIPT_1	ID_15123	0.00	-1.76	0.68	-0.59	0.10	-1.33
	1.00	LOCUS_40750.1_TRANSCRIPT_1	ID_15131	0.00	-1.69	-0.09	-1.38	-1.90	-1.60
	1.00	LOCUS_40793.0_TRANSCRIPT_1	ID_15165	0.00	-20.68	10.40	-14.00	-13.13	-13.06
	1.00	LOCUS_40868.0_TRANSCRIPT_3	ID_15244	0.00	-2.38	0.41	-1.21	-1.08	-2.07
	1.00	LOCUS_40913.0_TRANSCRIPT_1	ID_15289	0.00	-1.22	-0.04	-0.08	-0.49	-0.30
	1.00	LOCUS_40950.1_TRANSCRIPT_1	ID_15324	0.00	-3.84	0.57	0.29	-1.64	-2.06
	1.00	LOCUS_40983.1_TRANSCRIPT_1	ID_15355	0.00	-1.64	-0.50	-1.79	-1.64	-1.89
	1.00	LOCUS_41025.1_TRANSCRIPT_1	ID_15397	0.00	-0.75	0.31	-0.44	-0.38	-0.23
	1.00	LOCUS_41049.0_TRANSCRIPT_1	ID_15418	0.00	-8.48	8.46	-1.18	-0.28	2.55
	1.00	LOCUS_41099.0_TRANSCRIPT_1	ID_15454	0.00	-11.52	2.17	-3.58	-4.84	-1.39
	1.00	LOCUS_41148.0_TRANSCRIPT_1	ID_15489	0.00	-45.62	16.22	-42.13	-28.45	-34.43
	1.00	LOCUS_41265.0_TRANSCRIPT_2	ID_15605	0.00	-7.17	-0.28	-4.54	-8.03	-4.24
	1.00	LOCUS_41466.0_TRANSCRIPT_2	ID_15793	0.00	-1.26	0.01	-1.04	-0.45	-0.97
	1.00	LOCUS_41540.0_TRANSCRIPT_1	ID_15869	0.00	-6.72	0.59	-5.66	-6.94	-5.04
	1.00	LOCUS_41583.0_TRANSCRIPT_1	ID_15914	0.00	-41.60	-12.23	-25.44	-25.37	-22.39
	1.00	LOCUS_41633.0_TRANSCRIPT_1	ID_15960	0.00	-27.22	-5.53	-13.44	-16.39	-16.54
	1.00	LOCUS_4166.0_TRANSCRIPT_1	ID_15990	0.00	-1.07	-0.38	-0.95	-0.82	-0.68
	1.00	LOCUS_41670.0_TRANSCRIPT_1	ID_16001	0.00	-7.68	-0.51	-6.32	-9.21	-5.67
	1.00	LOCUS_41681.0_TRANSCRIPT_2	ID_16012	0.00	-1.88	-0.91	-1.82	-1.88	-2.01
	1.00	LOCUS_41703.0_TRANSCRIPT_1	ID_16037	0.00	-27.83	-3.03	-14.23	-15.82	-16.14
	1.00	LOCUS_41718.0_TRANSCRIPT_1	ID_16056	0.00	-77.42	-6.94	-66.21	-100.89	-67.80
	1.00	LOCUS_41730.0_TRANSCRIPT_2	ID_16070	0.00	-3.26	-1.44	-1.89	-1.28	-1.67
	1.00	LOCUS_41736.0_TRANSCRIPT_1	ID_16074	0.00	-5.32	0.71	-2.62	-4.72	-4.39
	1.00	LOCUS_41930.0_TRANSCRIPT_1	ID_16259	0.00	-5.02	0.73	-1.56	-3.83	-4.37
	1.00	LOCUS_41973.0_TRANSCRIPT_1	ID_16299	0.00	-1.96	1.58	-0.27	-0.73	-0.91
	1.00	LOCUS_42060.1_TRANSCRIPT_1	ID_16405	0.00	-2.32	1.13	-0.50	-0.26	-0.52
	1.00	LOCUS_42090.0_TRANSCRIPT_1	ID_16442	0.00	-6.04	-2.03	-3.30	-4.03	-3.24
	1.00	LOCUS_42102.0_TRANSCRIPT_2	ID_16455	0.00	-1.40	0.74	-1.13	-1.36	-1.42
	1.00	LOCUS_42102.0_TRANSCRIPT_3	ID_16456	0.00	-0.89	0.27	-0.88	-0.93	-0.63
	1.00	LOCUS_42277.0_TRANSCRIPT_1	ID_16655	0.00	-42.60	-4.49	-20.15	-32.62	-8.90
	1.00	LOCUS_42425.0_TRANSCRIPT_1	ID_16804	0.00	-16.34	4.79	-6.60	-10.88	0.30
	1.00	LOCUS_42484.0_TRANSCRIPT_1	ID_16870	0.00	-164.79	-86.67	-145.09	-158.43	-153.84
	1.00	LOCUS_42524.0_TRANSCRIPT_2	ID_16914	0.00	-1.60	0.86	-1.16	-1.02	-0.57
	1.00	LOCUS_42531.0_TRANSCRIPT_1	ID_16927	0.00	-8.32	-3.77	-8.01	-8.90	-9.62
	1.00	LOCUS_42578.1_TRANSCRIPT_1	ID_16969	0.00	-7.95	5.99	-4.11	-3.10	0.74
	1.00	LOCUS_42584.0_TRANSCRIPT_2	ID_16976	0.00	-234.56	90.01	-64.32	-185.39	-213.58
	1.00	LOCUS_42646.0_TRANSCRIPT_4	ID_17039	0.00	-10.65	-0.32	-10.81	-11.63	-10.56
	1.00	LOCUS_42726.0_TRANSCRIPT_1	ID_17132	0.00	-9.49	0.47	-0.49	-1.61	-2.27
	1.00	LOCUS_42728.2_TRANSCRIPT_1	ID_17138	0.00	-1.39	-0.45	-1.21	-1.43	-1.28
	1.00	LOCUS_42769.0_TRANSCRIPT_1	ID_17180	0.00	-4.91	0.11	-2.86	-1.57	-2.22
	1.00	LOCUS_42770.2_TRANSCRIPT_1	ID_17183	0.00	-6.69	0.46	-3.62	-6.69	-7.11
	1.00	LOCUS_42770.9_TRANSCRIPT_1	ID_17188	0.00	-1.70	-0.71	-1.08	-1.51	-1.68
	1.00	LOCUS_42808.0_TRANSCRIPT_3	ID_17233	0.00	-5.13	-1.55	-4.39	-5.72	-5.05
	1.00	LOCUS_42852.0_TRANSCRIPT_2	ID_17285	0.00	-6.13	-1.27	-5.29	-6.07	-4.59
	1.00	LOCUS_42891.0_TRANSCRIPT_1	ID_17324	0.00	-7.85	-2.25	-2.48	-1.78	-4.53
	1.00	LOCUS_42913.0_TRANSCRIPT_1	ID_17344	0.00	-11.59	2.86	-9.06	-10.67	-11.09
	1.00	LOCUS_42968.0_TRANSCRIPT_1	ID_17410	0.00	-63.98	-15.24	-50.03	-73.66	-47.45
	1.00	LOCUS_43039.0_TRANSCRIPT_1	ID_17485	0.00	-5.71	5.90	-4.60	-3.73	-0.73
	1.00	LOCUS_43053.0_TRANSCRIPT_1	ID_17504	0.00	-3.25	3.15	-0.68	-1.23	-2.03
	1.00	LOCUS_43132.0_TRANSCRIPT_1	ID_17597	0.00	-0.87	0.21	-0.69	-0.62	-0.06
	1.00	LOCUS_43170.0_TRANSCRIPT_2	ID_17641	0.00	-7.80	-2.08	-5.18	-8.46	-4.99
	1.00	LOCUS_43274.0_TRANSCRIPT_1	ID_17749	0.00	-3.56	0.35	-2.65	-4.15	-3.05
	1.00	LOCUS_43290.1_TRANSCRIPT_2	ID_17763	0.00	-109.57	-37.75	-106.79	-111.13	-122.79
	1.00	LOCUS_43291.1_TRANSCRIPT_1	ID_17764	0.00	-24.58	6.86	-4.16	-15.00	-8.81
	1.00	LOCUS_43300.0_TRANSCRIPT_1	ID_17772	0.00	-2.31	2.67	-0.14	-0.24	0.12
	1.00	LOCUS_43324.0_TRANSCRIPT_1	ID_17801	0.00	-5.28	-1.63	-0.90	-2.79	-1.51
	1.00	LOCUS_43333.0_TRANSCRIPT_1	ID_17808	0.00	-2.30	-0.83	-1.03	-1.95	-1.93
	1.00	LOCUS_43398.0_TRANSCRIPT_1	ID_17874	0.00	-2.76	-0.33	-3.02	-2.91	-3.38
	1.00	LOCUS_43399.0_TRANSCRIPT_1	ID_17875	0.00	-2.34	0.59	-1.68	-1.96	-0.28
	1.00	LOCUS_43409.1_TRANSCRIPT_1	ID_17888	0.00	-2.38	0.49	-2.35	-2.54	-1.81
	1.00	LOCUS_43444.0_TRANSCRIPT_1	ID_17929	0.00	-10.16	-3.18	-5.47	-5.84	-6.77
	1.00	LOCUS_43501.0_TRANSCRIPT_2	ID_17990	0.00	-3.04	1.50	-3.60	-0.43	-1.15
	1.00	LOCUS_43512.1_TRANSCRIPT_1	ID_18007	0.00	-38.18	-19.04	-37.06	-39.37	-42.45
	1.00	LOCUS_43515.0_TRANSCRIPT_1	ID_18011	0.00	-18.35	-1.93	-12.14	-18.45	-14.55
	1.00	LOCUS_43594.0_TRANSCRIPT_4	ID_18096	0.00	-1.46	-0.14	-0.61	-0.88	-1.25
	1.00	LOCUS_43598.0_TRANSCRIPT_2	ID_18100	0.00	-2.24	0.81	-0.41	-1.83	-1.59
	1.00	LOCUS_43648.0_TRANSCRIPT_2	ID_18163	0.00	-9.84	2.26	-2.55	-9.06	-1.11
	1.00	LOCUS_43758.0_TRANSCRIPT_1	ID_18301	0.00	-3.41	-1.37	-3.41	-3.43	-3.26
	1.00	LOCUS_43851.0_TRANSCRIPT_1	ID_18400	0.00	-9.19	1.74	-1.70	-6.54	-0.19
	1.00	LOCUS_43883.0_TRANSCRIPT_3	ID_18432	0.00	-2.15	-0.60	-1.69	-1.48	-1.65
	1.00	LOCUS_43984.0_TRANSCRIPT_3	ID_18534	0.00	-4.61	0.27	-2.59	-1.84	-2.66
	1.00	LOCUS_44006.0_TRANSCRIPT_1	ID_18561	0.00	-3.11	1.00	-1.16	-1.27	0.43
	1.00	LOCUS_44040.0_TRANSCRIPT_1	ID_18598	0.00	-3.93	-1.06	-3.12	-3.43	-4.44
	1.00	LOCUS_44041.2_TRANSCRIPT_1	ID_18604	0.00	-4.77	0.10	-2.29	-3.09	-4.02
	1.00	LOCUS_44103.0_TRANSCRIPT_1	ID_18682	0.00	-137.08	76.55	-77.47	-153.79	-116.20
	1.00	LOCUS_44119.0_TRANSCRIPT_3	ID_18699	0.00	-1.02	0.53	-0.14	-0.10	-0.10
	1.00	LOCUS_44150.0_TRANSCRIPT_1	ID_18729	0.00	-75.54	-29.05	-52.01	-57.92	-35.48
	1.00	LOCUS_44176.0_TRANSCRIPT_1	ID_18762	0.00	-127.83	17.02	-54.55	-91.96	-52.41
	1.00	LOCUS_44272.0_TRANSCRIPT_1	ID_18864	0.00	-4.10	-1.74	-2.89	-2.95	-2.25
	1.00	LOCUS_44281.1_TRANSCRIPT_1	ID_18877	0.00	-5.32	0.15	-1.07	-3.61	-3.69
	1.00	LOCUS_44397.0_TRANSCRIPT_1	ID_19028	0.00	-218.46	-5.74	-139.20	-137.32	-176.75
	1.00	LOCUS_44398.0_TRANSCRIPT_1	ID_19029	0.00	-43.25	-21.02	-25.85	-30.51	-20.24
	1.00	LOCUS_44472.0_TRANSCRIPT_1	ID_19132	0.00	-64.47	6.58	-8.36	-38.63	-25.69
	1.00	LOCUS_44569.0_TRANSCRIPT_1	ID_19257	0.00	-38.28	-2.41	-30.44	-43.05	-28.91
	1.00	LOCUS_44607.0_TRANSCRIPT_2	ID_19307	0.00	-4.47	0.80	-1.16	-4.03	-0.95
	1.00	LOCUS_44648.0_TRANSCRIPT_1	ID_19352	0.00	-1.87	0.92	-0.45	-1.28	-1.25
	1.00	LOCUS_44758.0_TRANSCRIPT_2	ID_19469	0.00	-3.55	-0.99	-2.79	-3.67	-3.68
	1.00	LOCUS_44782.0_TRANSCRIPT_1	ID_19504	0.00	-1.62	-0.08	-1.13	-1.03	-0.51
	1.00	LOCUS_44782.1_TRANSCRIPT_2	ID_19506	0.00	-3.42	-1.33	-1.62	-2.82	-1.85
	1.00	LOCUS_44784.0_TRANSCRIPT_1	ID_19512	0.00	-4.88	-2.19	-2.84	-3.18	-3.54
	1.00	LOCUS_44801.0_TRANSCRIPT_1	ID_19544	0.00	-2.73	-0.47	-0.99	-2.46	-1.28
	1.00	LOCUS_44853.0_TRANSCRIPT_1	ID_19601	0.00	-24.86	-6.54	-22.01	-25.08	-24.30
	1.00	LOCUS_44964.0_TRANSCRIPT_2	ID_19722	0.00	-192.05	57.04	-146.25	-211.48	-155.36
	1.00	LOCUS_45046.0_TRANSCRIPT_19	ID_19810	0.00	-19.32	14.14	-17.83	-6.15	-14.25
	1.00	LOCUS_45056.0_TRANSCRIPT_1	ID_19819	0.00	-6.83	4.71	0.07	-4.76	-2.02
	1.00	LOCUS_45072.2_TRANSCRIPT_2	ID_19840	0.00	-23.44	8.16	-11.02	-21.80	-13.05
	1.00	LOCUS_45105.1_TRANSCRIPT_1	ID_19896	0.00	-4.48	0.48	-0.80	-3.39	-1.34
	1.00	LOCUS_45113.0_TRANSCRIPT_1	ID_19901	0.00	-4.92	1.65	-2.48	-4.63	-1.11
	1.00	LOCUS_45126.0_TRANSCRIPT_1	ID_19920	0.00	-184.41	11.78	-150.60	-210.20	-204.09
	1.00	LOCUS_45190.0_TRANSCRIPT_5	ID_19999	0.00	-1.20	-0.23	-0.37	-0.75	-0.54
	1.00	LOCUS_45234.1_TRANSCRIPT_1	ID_20064	0.00	-3.96	1.68	-3.19	-3.79	-1.59
	1.00	LOCUS_45261.0_TRANSCRIPT_1	ID_20096	0.00	-9.35	0.79	-4.25	-6.28	-5.59
	1.00	LOCUS_45280.0_TRANSCRIPT_1	ID_20112	0.00	-27.29	9.12	-9.01	-19.41	-8.41
	1.00	LOCUS_45418.0_TRANSCRIPT_2	ID_20282	0.00	-9.21	3.82	-6.20	-9.25	-9.87
	1.00	LOCUS_45508.0_TRANSCRIPT_1	ID_20401	0.00	-6.90	-0.25	-3.36	-3.82	-1.11
	1.00	LOCUS_45511.1_TRANSCRIPT_1	ID_20404	0.00	-775.96	-331.80	-584.71	-686.13	-788.31
	1.00	LOCUS_45530.1_TRANSCRIPT_1	ID_20436	0.00	-4.30	0.46	-1.88	-3.58	-4.21
	1.00	LOCUS_45543.2_TRANSCRIPT_2	ID_20448	0.00	-21.36	-10.88	-21.75	-23.61	-23.65
	1.00	LOCUS_45543.2_TRANSCRIPT_5	ID_20450	0.00	-29.16	-0.92	-28.47	-29.66	-33.00
	1.00	LOCUS_45580.0_TRANSCRIPT_1	ID_20495	0.00	-9.32	3.92	-3.97	-8.04	-4.12
	1.00	LOCUS_45591.1_TRANSCRIPT_1	ID_20507	0.00	-28.31	0.53	-0.04	-18.58	-8.48
	1.00	LOCUS_45596.1_TRANSCRIPT_1	ID_20516	0.00	-8.62	12.13	-2.84	-2.95	-2.39
	1.00	LOCUS_45614.3_TRANSCRIPT_1	ID_20543	0.00	-1.75	-0.03	-0.55	-0.69	-0.45
	1.00	LOCUS_45690.0_TRANSCRIPT_5	ID_20621	0.00	-1.01	0.51	-0.52	-0.94	-0.80
	1.00	LOCUS_45711.0_TRANSCRIPT_2	ID_20645	0.00	-1.25	-0.29	-0.72	-1.16	-0.56
	1.00	LOCUS_45781.0_TRANSCRIPT_1	ID_20743	0.00	-99.63	8.17	-30.44	-88.58	-26.97
	1.00	LOCUS_45821.0_TRANSCRIPT_1	ID_20786	0.00	-1.72	-0.35	-1.12	-1.69	-1.27
	1.00	LOCUS_45823.0_TRANSCRIPT_1	ID_20789	0.00	-15.70	7.97	-2.31	-3.35	-4.79
	1.00	LOCUS_45831.0_TRANSCRIPT_1	ID_20799	0.00	-44.96	17.11	-14.67	-23.91	-11.57
	1.00	LOCUS_45919.0_TRANSCRIPT_1	ID_20932	0.00	-7.73	-3.25	-2.76	-5.62	-4.17
	1.00	LOCUS_45939.0_TRANSCRIPT_1	ID_20952	0.00	-11.93	-0.53	-8.28	-10.18	-4.47
	1.00	LOCUS_45997.1_TRANSCRIPT_1	ID_21016	0.00	-75.43	28.70	-8.60	-63.59	-36.25
	1.00	LOCUS_46038.0_TRANSCRIPT_2	ID_21057	0.00	-0.57	0.37	-0.34	-0.72	-0.38
	1.00	LOCUS_46131.0_TRANSCRIPT_3	ID_21180	0.00	-2.59	2.51	0.04	-0.51	-0.20
	1.00	LOCUS_46137.0_TRANSCRIPT_1	ID_21188	0.00	-5.42	-1.09	-3.54	-4.88	-2.16
	1.00	LOCUS_46182.0_TRANSCRIPT_1	ID_21243	0.00	-43.80	-18.19	-38.18	-53.77	-44.89
	1.00	LOCUS_46231.0_TRANSCRIPT_2	ID_21320	0.00	-14.56	-6.61	-11.35	-12.33	-9.95
	1.00	LOCUS_46271.0_TRANSCRIPT_2	ID_21380	0.00	-0.91	0.46	-0.77	-0.25	-0.16
	1.00	LOCUS_46273.1_TRANSCRIPT_1	ID_21383	0.00	-6.36	0.67	-4.85	-3.87	-6.56
	1.00	LOCUS_46286.0_TRANSCRIPT_2	ID_21414	0.00	-11.26	3.03	-3.27	-4.98	0.55
	1.00	LOCUS_46298.1_TRANSCRIPT_3	ID_21430	0.00	-26.77	12.59	2.78	-19.72	-10.88
	1.00	LOCUS_46330.0_TRANSCRIPT_4	ID_21471	0.00	-0.66	0.58	-0.27	-0.16	-0.10
	1.00	LOCUS_46398.0_TRANSCRIPT_12	ID_21559	0.00	-2.82	-1.20	-2.26	-3.22	-2.29
	1.00	LOCUS_46398.0_TRANSCRIPT_5	ID_21562	0.00	-2.38	0.08	-2.12	-2.68	-2.87
	1.00	LOCUS_46408.4_TRANSCRIPT_2	ID_21583	0.00	-4.38	-0.05	-4.21	-4.81	-4.35
	1.00	LOCUS_46432.0_TRANSCRIPT_2	ID_21617	0.00	-1.94	1.52	-1.17	-1.77	-1.49
	1.00	LOCUS_46481.0_TRANSCRIPT_2	ID_21685	0.00	-2.27	0.51	-1.75	-1.48	-1.23
	1.00	LOCUS_46627.1_TRANSCRIPT_1	ID_21874	0.00	-1.39	0.99	-0.79	-0.92	-1.18
	1.00	LOCUS_46632.0_TRANSCRIPT_1	ID_21879	0.00	-7.05	0.30	-6.61	-7.56	-7.44
	1.00	LOCUS_46632.1_TRANSCRIPT_1	ID_21880	0.00	-4.36	-2.00	-3.13	-4.40	-4.23
	1.00	LOCUS_46766.1_TRANSCRIPT_1	ID_22071	0.00	-49.38	-6.47	-15.94	-21.36	-33.35
	1.00	LOCUS_46799.0_TRANSCRIPT_10	ID_22109	0.00	-3.02	-0.64	-1.50	-2.56	-1.16
	1.00	LOCUS_46835.0_TRANSCRIPT_1	ID_22159	0.00	-12.96	-5.98	-14.15	-11.70	-14.37
	1.00	LOCUS_46876.0_TRANSCRIPT_1	ID_22222	0.00	-8.21	4.61	-3.24	-5.83	-4.23
	1.00	LOCUS_46916.0_TRANSCRIPT_1	ID_22289	0.00	-10.61	4.14	-7.18	-5.99	-8.26
	1.00	LOCUS_47008.0_TRANSCRIPT_1	ID_22418	0.00	-14.86	3.27	-9.34	-13.02	-5.79
	1.00	LOCUS_47017.0_TRANSCRIPT_2	ID_22427	0.00	-4.55	0.44	-3.98	-2.63	-4.87
	1.00	LOCUS_47057.2_TRANSCRIPT_1	ID_22476	0.00	-7.34	4.64	-2.20	-4.19	-5.14
	1.00	LOCUS_47098.0_TRANSCRIPT_3	ID_22540	0.00	-0.89	0.38	-0.47	-0.76	-0.77
	1.00	LOCUS_47099.1_TRANSCRIPT_1	ID_22542	0.00	-4.17	0.57	-1.00	-3.83	-2.89
	1.00	LOCUS_47122.0_TRANSCRIPT_3	ID_22580	0.00	-0.96	-0.38	-0.99	-0.91	-1.01
	1.00	LOCUS_47172.0_TRANSCRIPT_14	ID_22646	0.00	-8.50	-0.36	-5.32	-8.23	-5.98
	1.00	LOCUS_47197.0_TRANSCRIPT_1	ID_22671	0.00	-0.79	0.69	-0.61	-0.43	-0.07
	1.00	LOCUS_47230.0_TRANSCRIPT_2	ID_22711	0.00	-5.74	2.16	-3.11	-5.08	-3.22
	1.00	LOCUS_47238.0_TRANSCRIPT_1	ID_22729	0.00	-20.42	-4.93	-9.43	-15.95	-10.08
	1.00	LOCUS_47247.0_TRANSCRIPT_2	ID_22738	0.00	-1.64	0.04	-0.82	-1.34	-1.24
	1.00	LOCUS_47259.0_TRANSCRIPT_1	ID_22757	0.00	-38.79	-5.90	-8.52	-4.91	-12.82
	1.00	LOCUS_47284.0_TRANSCRIPT_1	ID_22791	0.00	-84.70	-10.58	-43.62	-42.73	-40.41
	1.00	LOCUS_47314.0_TRANSCRIPT_6	ID_22825	0.00	-1.04	1.25	-0.97	-0.80	-0.48
	1.00	LOCUS_47335.0_TRANSCRIPT_3	ID_22856	0.00	-45.25	-15.59	-23.61	-36.24	-36.71
	1.00	LOCUS_47406.0_TRANSCRIPT_1	ID_22939	0.00	-1.12	0.09	-0.86	-0.54	-0.60
	1.00	LOCUS_47448.1_TRANSCRIPT_1	ID_23006	0.00	-4.16	3.39	-1.42	-3.08	-0.85
	1.00	LOCUS_47493.0_TRANSCRIPT_2	ID_23084	0.00	-2.16	-1.01	-1.83	-1.32	-1.53
	1.00	LOCUS_47543.0_TRANSCRIPT_1	ID_23153	0.00	-1.56	-0.24	-1.28	-0.52	-1.62
	1.00	LOCUS_4767.0_TRANSCRIPT_1	ID_23330	0.00	-2.00	0.16	-1.00	-1.15	-1.02
	1.00	LOCUS_47681.0_TRANSCRIPT_1	ID_23346	0.00	-2.88	1.71	-1.84	-0.27	-2.41
	1.00	LOCUS_47686.0_TRANSCRIPT_2	ID_23352	0.00	-0.70	0.56	-0.27	-0.03	-0.33
	1.00	LOCUS_47717.0_TRANSCRIPT_2	ID_23384	0.00	-3.99	1.51	-2.04	-3.24	-2.09
	1.00	LOCUS_47741.0_TRANSCRIPT_2	ID_23416	0.00	-7.88	1.67	-4.36	-6.92	-4.56
	1.00	LOCUS_47743.0_TRANSCRIPT_1	ID_23418	0.00	-20.50	3.46	-18.77	-9.31	-18.80
	1.00	LOCUS_47759.0_TRANSCRIPT_2	ID_23437	0.00	-0.97	1.25	-0.13	-0.33	-0.01
	1.00	LOCUS_47813.3_TRANSCRIPT_1	ID_23506	0.00	-10.34	3.09	-2.57	-7.72	-5.38
	1.00	LOCUS_47827.2_TRANSCRIPT_3	ID_23528	0.00	-62.51	-16.83	-25.84	-14.37	-20.06
	1.00	LOCUS_47886.2_TRANSCRIPT_1	ID_23605	0.00	-12.53	-2.83	-2.55	-3.88	-2.81
	1.00	LOCUS_47903.1_TRANSCRIPT_1	ID_23628	0.00	-1.62	-0.39	-1.44	-0.64	-0.87
	1.00	LOCUS_47905.5_TRANSCRIPT_1	ID_23637	0.00	-31.92	-7.68	-11.74	-23.11	-12.69
	1.00	LOCUS_47914.1_TRANSCRIPT_1	ID_23646	0.00	-3.06	-0.57	-1.94	-2.43	-0.97
	1.00	LOCUS_47914.1_TRANSCRIPT_2	ID_23647	0.00	-21.85	4.14	-2.77	-16.22	-3.24
	1.00	LOCUS_47928.3_TRANSCRIPT_1	ID_23666	0.00	-21.31	9.56	-19.51	-17.78	-15.90
	1.00	LOCUS_47941.0_TRANSCRIPT_1	ID_23687	0.00	-1.29	0.21	-0.56	-0.55	0.08
	1.00	LOCUS_48024.0_TRANSCRIPT_1	ID_23807	0.00	-68.95	-16.36	-31.72	-68.05	-53.03
	1.00	LOCUS_48086.0_TRANSCRIPT_2	ID_23882	0.00	-27.52	33.48	-14.63	-23.83	-13.03
	1.00	LOCUS_48210.0_TRANSCRIPT_4	ID_24048	0.00	-2.00	-0.85	-1.33	-1.14	-0.70
	1.00	LOCUS_48285.0_TRANSCRIPT_1	ID_24166	0.00	-76.62	-15.29	-12.98	-35.33	-16.46
	1.00	LOCUS_48365.2_TRANSCRIPT_1	ID_24263	0.00	-12.78	-1.88	-8.67	-12.07	-10.82
	1.00	LOCUS_48366.0_TRANSCRIPT_2	ID_24268	0.00	-1.03	0.25	-0.56	-0.99	-0.29
	1.00	LOCUS_48405.0_TRANSCRIPT_1	ID_24319	0.00	-6.44	6.01	-4.46	-2.32	-5.31
	1.00	LOCUS_48413.2_TRANSCRIPT_1	ID_24334	0.00	-1.83	0.32	-0.51	-1.45	-0.57
	1.00	LOCUS_48418.0_TRANSCRIPT_1	ID_24345	0.00	-3.03	0.83	-1.89	-2.84	-0.84
	1.00	LOCUS_48455.0_TRANSCRIPT_1	ID_24401	0.00	-28.25	1.27	-13.40	-22.67	-17.55
	1.00	LOCUS_48478.0_TRANSCRIPT_3	ID_24431	0.00	-3.17	-0.06	-2.96	-3.12	-3.23
	1.00	LOCUS_48485.0_TRANSCRIPT_1	ID_24437	0.00	-6.81	-1.55	-5.55	-6.66	-6.26
	1.00	LOCUS_48503.0_TRANSCRIPT_1	ID_24462	0.00	-25.08	3.93	-1.37	-8.97	-17.20
	1.00	LOCUS_48528.0_TRANSCRIPT_1	ID_24488	0.00	-35.92	1.99	-19.30	-35.07	-15.56
	1.00	LOCUS_48534.0_TRANSCRIPT_1	ID_24498	0.00	-265.11	-115.77	-212.38	-276.70	-239.26
	1.00	LOCUS_48562.0_TRANSCRIPT_3	ID_24543	0.00	-4.07	-0.57	-2.94	-3.96	-2.90
	1.00	LOCUS_48605.1_TRANSCRIPT_31	ID_24595	0.00	-3.20	-1.67	-2.01	-2.34	-2.52
	1.00	LOCUS_48608.4_TRANSCRIPT_1	ID_24605	0.00	-407.99	-47.13	-302.15	-388.30	-391.52
	1.00	LOCUS_48634.0_TRANSCRIPT_2	ID_24645	0.00	-3.81	1.84	-2.43	-3.09	-3.16
	1.00	LOCUS_48655.1_TRANSCRIPT_1	ID_24675	0.00	-3.02	0.83	-1.20	-1.37	0.20
	1.00	LOCUS_48785.0_TRANSCRIPT_4	ID_24870	0.00	-7.64	-2.49	-6.54	-8.26	-7.14
	1.00	LOCUS_48882.0_TRANSCRIPT_12	ID_24991	0.00	-2.22	1.16	-0.31	-0.08	-0.14
	1.00	LOCUS_48909.0_TRANSCRIPT_1	ID_25022	0.00	-10.67	-2.37	-5.48	-8.26	-4.73
	1.00	LOCUS_48943.4_TRANSCRIPT_1	ID_25079	0.00	-3.12	-0.81	-1.32	-1.77	-1.79
	1.00	LOCUS_48956.0_TRANSCRIPT_1	ID_25092	0.00	-24.29	-10.13	-24.45	-25.15	-27.87
	1.00	LOCUS_48960.0_TRANSCRIPT_1	ID_25100	0.00	-32.61	-13.16	-21.55	-23.53	-24.32
	1.00	LOCUS_48988.1_TRANSCRIPT_1	ID_25143	0.00	-5.64	-0.65	-3.64	-3.07	-2.98
	1.00	LOCUS_48994.0_TRANSCRIPT_4	ID_25148	0.00	-10.22	-2.87	-12.00	-10.26	-12.73
	1.00	LOCUS_49066.4_TRANSCRIPT_1	ID_25244	0.00	-3.01	0.52	-3.02	-1.22	-2.63
	1.00	LOCUS_49066.5_TRANSCRIPT_1	ID_25246	0.00	-3.80	0.81	-3.98	-3.66	-3.68
	1.00	LOCUS_49150.0_TRANSCRIPT_1	ID_25343	0.00	-23.06	14.84	-8.50	8.18	-1.14
	1.00	LOCUS_49172.1_TRANSCRIPT_2	ID_25373	0.00	-18.76	-8.03	-9.65	-15.80	-12.52
	1.00	LOCUS_49172.2_TRANSCRIPT_1	ID_25375	0.00	-24.73	-10.22	-12.91	-20.22	-15.92
	1.00	LOCUS_49186.0_TRANSCRIPT_1	ID_25409	0.00	-22.69	5.58	-4.48	-8.48	-2.63
	1.00	LOCUS_49221.2_TRANSCRIPT_1	ID_25474	0.00	-10.84	-3.73	-5.24	-5.63	-11.92
	1.00	LOCUS_49392.0_TRANSCRIPT_1	ID_25747	0.00	-99.65	38.11	-33.84	-76.01	-19.41
	1.00	LOCUS_49393.0_TRANSCRIPT_2	ID_25749	0.00	-8.54	2.81	-0.74	-1.66	-1.73
	1.00	LOCUS_49445.0_TRANSCRIPT_1	ID_25814	0.00	-5.44	-1.01	-2.36	-5.05	-5.27
	1.00	LOCUS_49473.0_TRANSCRIPT_1	ID_25848	0.00	-19.03	3.22	-1.88	-6.19	-3.33
	1.00	LOCUS_49474.1_TRANSCRIPT_2	ID_25849	0.00	-0.90	0.44	-0.72	-1.03	-0.63
	1.00	LOCUS_49543.0_TRANSCRIPT_2	ID_25945	0.00	-19.75	2.95	-11.58	-17.09	-7.92
	1.00	LOCUS_49581.0_TRANSCRIPT_2	ID_25998	0.00	-7.14	1.02	-1.55	-5.43	-5.32
	1.00	LOCUS_49598.0_TRANSCRIPT_4	ID_26017	0.00	-1.08	0.51	-0.95	-1.24	-0.53
	1.00	LOCUS_49604.1_TRANSCRIPT_1	ID_26025	0.00	-19.03	14.17	-0.93	2.52	-0.86
	1.00	LOCUS_49604.3_TRANSCRIPT_1	ID_26027	0.00	-62.45	21.80	-54.00	-63.35	-66.94
	1.00	LOCUS_49659.0_TRANSCRIPT_1	ID_26093	0.00	-28.42	-7.60	-29.31	-28.00	-29.08
	1.00	LOCUS_49663.0_TRANSCRIPT_1	ID_26101	0.00	-34.87	1.42	-9.93	-19.17	-19.83
	1.00	LOCUS_49693.1_TRANSCRIPT_2	ID_26131	0.00	-2.84	1.55	-0.59	-2.47	-0.04
	1.00	LOCUS_49727.0_TRANSCRIPT_1	ID_26172	0.00	-15.39	-4.78	-7.42	-10.62	-6.22
	1.00	LOCUS_49732.0_TRANSCRIPT_1	ID_26176	0.00	-4.03	1.33	-3.58	-4.41	-0.97
	1.00	LOCUS_49732.1_TRANSCRIPT_1	ID_26177	0.00	-6.54	2.41	-4.02	-7.44	-4.34
	1.00	LOCUS_49774.0_TRANSCRIPT_1	ID_26227	0.00	-118.02	-5.51	-100.55	-140.82	-84.53
	1.00	LOCUS_49832.4_TRANSCRIPT_10	ID_26316	0.00	-5.87	3.93	-0.67	-4.94	-1.15
	1.00	LOCUS_49837.1_TRANSCRIPT_3	ID_26327	0.00	-1.73	0.12	-1.36	-2.15	-1.04
	1.00	LOCUS_49839.0_TRANSCRIPT_2	ID_26333	0.00	-3.73	1.16	-0.25	-2.76	-2.44
	1.00	LOCUS_49854.0_TRANSCRIPT_6	ID_26356	0.00	-1.37	0.64	-0.45	-1.05	-0.32
	1.00	LOCUS_49908.0_TRANSCRIPT_1	ID_26430	0.00	-18.40	-2.89	-2.36	-14.71	-6.47
	1.00	LOCUS_49976.1_TRANSCRIPT_2	ID_26540	0.00	-29.16	-1.22	-31.50	-33.53	-30.48
	1.00	LOCUS_50052.1_TRANSCRIPT_3	ID_26652	0.00	-61.72	-5.70	-18.34	-30.31	-29.81
	1.00	LOCUS_50101.0_TRANSCRIPT_1	ID_26710	0.00	-1.27	-0.02	-0.55	-1.36	-0.46
	1.00	LOCUS_50185.1_TRANSCRIPT_2	ID_26836	0.00	-0.98	0.15	-0.81	-0.54	-0.44
	1.00	LOCUS_50263.0_TRANSCRIPT_6	ID_26960	0.00	-1.29	-0.70	-1.09	-1.16	-1.19
	1.00	LOCUS_50263.0_TRANSCRIPT_7	ID_26961	0.00	-2.54	-1.19	-2.23	-2.44	-2.37
	1.00	LOCUS_50264.0_TRANSCRIPT_1	ID_26962	0.00	-0.75	0.64	-0.48	-0.16	0.21
	1.00	LOCUS_50276.0_TRANSCRIPT_1	ID_26988	0.00	-44.01	6.62	3.36	-17.41	-12.90
	1.00	LOCUS_50314.0_TRANSCRIPT_15	ID_27048	0.00	-3.91	1.33	-0.62	-1.67	-1.42
	1.00	LOCUS_50359.2_TRANSCRIPT_4	ID_27120	0.00	-1.81	0.87	-0.50	-1.50	-0.54
	1.00	LOCUS_50461.0_TRANSCRIPT_1	ID_27268	0.00	-274.73	210.63	-136.33	-101.36	-184.60
	1.00	LOCUS_50468.0_TRANSCRIPT_4	ID_27279	0.00	-8.77	-4.11	-8.54	-8.45	-10.29
	1.00	LOCUS_50499.0_TRANSCRIPT_15	ID_27332	0.00	-1.22	0.17	-0.42	-1.02	-1.04
	1.00	LOCUS_50512.0_TRANSCRIPT_1	ID_27353	0.00	-19.38	5.33	-6.63	-1.94	-8.17
	1.00	LOCUS_50561.2_TRANSCRIPT_12	ID_27408	0.00	-1.65	1.42	-0.44	-0.16	-0.03
	1.00	LOCUS_50573.2_TRANSCRIPT_6	ID_27435	0.00	-1.52	0.63	-0.14	-1.08	-1.16
	1.00	LOCUS_50584.2_TRANSCRIPT_3	ID_27455	0.00	-4.95	0.67	-3.33	-1.93	-0.65
	1.00	LOCUS_50598.0_TRANSCRIPT_3	ID_27479	0.00	-12.71	-2.41	-6.54	-10.70	-11.19
	1.00	LOCUS_50603.0_TRANSCRIPT_1	ID_27483	0.00	-1.08	0.40	-0.78	-0.20	-0.40
	1.00	LOCUS_50610.1_TRANSCRIPT_1	ID_27488	0.00	-88.15	-22.72	-38.75	-40.97	-41.04
	1.00	LOCUS_50627.1_TRANSCRIPT_1	ID_27517	0.00	-20.09	2.60	-14.16	-17.34	-5.63
	1.00	LOCUS_50675.0_TRANSCRIPT_3	ID_27581	0.00	-1.05	0.02	-0.81	-0.23	-1.06
	1.00	LOCUS_50784.4_TRANSCRIPT_1	ID_27712	0.00	-34.35	26.99	-8.94	-23.10	-20.11
	1.00	LOCUS_50792.2_TRANSCRIPT_2	ID_27727	0.00	-0.76	0.25	-0.18	-0.68	-0.09
	1.00	LOCUS_50801.0_TRANSCRIPT_2	ID_27736	0.00	-14.69	-6.87	-13.15	-12.22	-13.50
	1.00	LOCUS_50809.0_TRANSCRIPT_1	ID_27750	0.00	-44.73	-0.94	-18.90	-37.05	-21.91
	1.00	LOCUS_50839.1_TRANSCRIPT_1	ID_27802	0.00	-3.24	0.21	-2.70	-3.49	-3.90
	1.00	LOCUS_50892.0_TRANSCRIPT_1	ID_27884	0.00	-88.37	43.27	-6.72	-47.17	-33.49
	1.00	LOCUS_50928.0_TRANSCRIPT_1	ID_27927	0.00	-7.87	2.27	-4.27	-6.82	-4.23
	1.00	LOCUS_50934.0_TRANSCRIPT_1	ID_27942	0.00	-34.87	-8.45	-21.99	-27.72	-27.21
	1.00	LOCUS_51004.0_TRANSCRIPT_1	ID_28023	0.00	-43.55	22.73	-6.11	-40.75	-14.47
	1.00	LOCUS_51005.1_TRANSCRIPT_1	ID_28024	0.00	-19.91	-5.88	-15.78	-22.57	-15.90
	1.00	LOCUS_51028.0_TRANSCRIPT_10	ID_28053	0.00	-2.38	0.15	-0.40	0.03	-0.15
	1.00	LOCUS_51034.0_TRANSCRIPT_1	ID_28063	0.00	-1.73	-0.26	-1.94	-2.04	-1.84
	1.00	LOCUS_51055.0_TRANSCRIPT_1	ID_28088	0.00	-23.12	0.94	-14.83	-10.81	-9.30
	1.00	LOCUS_51186.3_TRANSCRIPT_2	ID_28274	0.00	-1.10	-0.07	-0.83	-1.17	-0.87
	1.00	LOCUS_51207.3_TRANSCRIPT_5	ID_28312	0.00	-5.95	1.55	-3.92	-5.94	-6.53
	1.00	LOCUS_51242.0_TRANSCRIPT_3	ID_28351	0.00	-6.05	3.63	-1.53	-4.74	-1.66
	1.00	LOCUS_51250.0_TRANSCRIPT_1	ID_28363	0.00	-2.89	-0.69	-0.81	-1.70	-2.19
	1.00	LOCUS_51303.0_TRANSCRIPT_2	ID_28420	0.00	-2.40	-0.28	-1.20	-0.90	-0.66
	1.00	LOCUS_51349.0_TRANSCRIPT_14	ID_28475	0.00	-5.10	-2.29	-4.17	-6.01	-4.56
	1.00	LOCUS_51363.0_TRANSCRIPT_2	ID_28486	0.00	-5.00	0.78	-1.73	-4.36	-3.39
	1.00	LOCUS_51409.0_TRANSCRIPT_1	ID_28554	0.00	-7.51	1.19	-5.14	-4.79	-3.08
	1.00	LOCUS_51461.0_TRANSCRIPT_1	ID_28604	0.00	-108.18	-30.28	-65.13	-107.05	-59.22
	1.00	LOCUS_51520.0_TRANSCRIPT_1	ID_28663	0.00	-1.59	-0.25	-0.64	-1.41	-1.16
	1.00	LOCUS_51551.0_TRANSCRIPT_1	ID_28690	0.00	-13.92	-6.00	-10.91	-12.62	-11.43
	1.00	LOCUS_51599.0_TRANSCRIPT_1	ID_28732	0.00	-3.05	0.07	-1.04	0.24	-0.92
	1.00	LOCUS_51605.0_TRANSCRIPT_1	ID_28738	0.00	-20.81	-8.39	-6.28	-9.63	-15.90
	1.00	LOCUS_51702.0_TRANSCRIPT_1	ID_28804	0.00	-1.89	0.43	-0.60	-1.90	-0.71
	1.00	LOCUS_51780.0_TRANSCRIPT_1	ID_28845	0.00	-2.01	-0.05	-2.18	-2.19	-2.03
	1.00	LOCUS_51784.0_TRANSCRIPT_1	ID_28849	0.00	-1.99	0.63	-1.52	-2.12	-2.03
	1.00	LOCUS_51817.0_TRANSCRIPT_1	ID_28866	0.00	-1.12	0.56	-0.52	-0.66	-0.56
	1.00	LOCUS_51891.0_TRANSCRIPT_1	ID_28901	0.00	-0.69	0.68	-0.19	-0.42	-0.46
	1.00	LOCUS_52112.0_TRANSCRIPT_1	ID_29010	0.00	-0.97	0.49	-0.53	-0.22	-0.50
	1.00	LOCUS_54728.0_TRANSCRIPT_1	ID_29901	0.00	-0.93	0.09	-0.76	-0.83	-0.53
	1.00	LOCUS_56002.0_TRANSCRIPT_1	ID_30303	0.00	-0.69	0.17	-0.50	-0.83	-0.75
	1.00	LOCUS_7382.0_TRANSCRIPT_1	ID_32769	0.00	-1.64	0.39	-1.69	-1.08	-0.91
	1.00	LOCUS_9706.0_TRANSCRIPT_1	ID_33102	0.00	-2.34	1.32	-1.61	-2.48	-1.29
	1.00	LOCUS_9859.0_TRANSCRIPT_1	ID_33178	0.00	-1.58	0.18	-1.38	-1.49	-0.64
	1.00	LOCUS_9905.0_TRANSCRIPT_1	ID_33204	0.00	-4.69	-1.29	-4.59	-5.54	-4.41
